1000
0 30421.26
1 11214.97
2 10199.55
3 9675.50
4 9912.73
5 10054.11
6 10202.88
7 10809.90
8 10524.03
9 9741.54
10 9946.82
11 10132.07
12 9905.82
13 10275.60
14 10285.62
15 10261.06
16 10409.59
17 10241.27
18 10899.54
19 10669.47
20 11524.20
21 11249.78
22 10313.27
23 10928.39
24 10562.90
25 9947.54
26 10708.57
27 10612.49
28 10618.45
29 10518.31
30 10627.75
31 10681.87
32 10601.76
33 10799.88
34 10683.06
35 11128.66
36 10598.66
37 9565.35
38 9772.30
39 10201.93
40 10957.72
41 9874.34
42 10714.77
43 9927.03
44 9909.87
45 10339.50
46 9332.90
47 9903.43
48 10985.14
49 11155.37
50 11154.65
51 10701.89
52 9864.33
53 10592.94
54 10662.08
55 10651.11
56 10172.13
57 10837.55
58 10684.25
59 10649.20
60 10481.83
61 11250.26
62 10461.57
63 10565.28
64 10706.19
65 11066.91
66 10749.34
67 10836.84
68 10916.95
69 11053.56
70 11626.72
71 11225.94
72 11967.42
73 11282.92
74 11879.21
75 11626.72
76 10764.36
77 10908.13
78 10936.50
79 11301.28
80 11581.18
81 11697.53
82 11226.65
83 10821.10
84 10430.81
85 11200.43
86 10671.62
87 9993.31
88 10109.90
89 9876.73
90 11263.37
91 10938.41
92 10838.51
93 10535.48
94 9711.98
95 9958.27
96 9449.72
97 9336.95
98 10036.47
99 9854.32
100 9928.70
101 9986.16
102 9840.01
103 7223.37
104 9408.95
105 9513.85
106 9317.40
107 10137.80
108 10298.01
109 10051.01
110 10257.72
111 9299.04
112 9597.78
113 10438.68
114 9433.75
115 10195.73
116 9994.27
117 10068.42
118 10196.21
119 9653.33
120 11462.45
121 11581.90
122 9819.03
123 10502.10
124 9736.78
125 9986.88
126 10547.16
127 10521.89
128 9793.52
129 10712.86
130 9784.94
131 10152.10
132 9800.67
133 10784.15
134 10176.18
135 10154.96
136 10799.41
137 10479.21
138 10559.80
139 10777.47
140 10662.32
141 10265.83
142 10701.89
143 10641.57
144 9981.87
145 10113.95
146 10582.92
147 10238.89
148 10485.89
149 10643.01
150 10654.93
151 10859.25
152 10841.37
153 10937.93
154 11149.17
155 10557.65
156 10746.72
157 10572.67
158 10582.92
159 11425.50
160 10463.71
161 11038.54
162 10908.13
163 10817.77
164 10788.44
165 10781.05
166 10490.18
167 9819.27
168 9947.06
169 11413.10
170 11007.55
171 9998.08
172 10439.40
173 10011.91
174 10533.81
175 10648.97
176 10769.13
177 10323.76
178 10735.51
179 10868.31
180 9664.77
181 11066.91
182 10521.89
183 10583.16
184 9612.32
185 10308.50
186 9873.39
187 9868.62
188 10040.04
189 10143.04
190 10019.78
191 10020.49
192 10141.37
193 9673.36
194 10086.06
195 10386.47
196 10237.46
197 9701.73
198 9883.64
199 9750.60
200 9384.87
201 9763.24
202 9919.64
203 9325.03
204 10079.86
205 9983.06
206 10031.46
207 10097.27
208 10089.16
209 9866.00
210 10030.98
211 10305.17
212 9915.83
213 10292.53
214 10759.59
215 11154.17
216 10472.54
217 10757.92
218 10730.74
219 10613.20
220 11071.44
221 10734.32
222 9839.06
223 9967.80
224 9679.79
225 9932.99
226 11051.42
227 10069.85
228 10373.35
229 10003.57
230 10111.81
231 11125.56
232 15627.62
233 10134.94
234 9948.49
235 9461.88
236 10639.43
237 10408.16
238 10252.71
239 10861.40
240 10200.74
241 11677.98
242 11219.74
243 10649.20
244 10686.16
245 10551.69
246 10543.58
247 10666.61
248 10367.87
249 10838.51
250 10820.15
251 10284.66
252 10848.52
253 10942.70
254 10925.29
255 10330.44
256 11010.41
257 10220.53
258 10495.90
259 10840.42
260 10755.30
261 10688.07
262 10703.09
263 10503.53
264 10541.92
265 10715.25
266 10932.68
267 11173.25
268 11038.78
269 11082.89
270 11274.81
271 10742.90
272 11306.05
273 9920.60
274 10129.93
275 10288.95
276 9997.37
277 9960.65
278 10019.30
279 9570.12
280 10339.74
281 10184.53
282 10817.29
283 10940.07
284 9862.66
285 10124.92
286 10213.85
287 10627.75
288 11270.76
289 11036.16
290 10416.75
291 10330.68
292 10023.12
293 10000.71
294 10026.93
295 10212.90
296 9741.31
297 10305.88
298 10928.87
299 9866.24
300 10317.56
301 10117.77
302 9928.94
303 10455.13
304 10742.43
305 11016.85
306 11032.34
307 10694.74
308 10779.62
309 10754.35
310 9684.32
311 11132.48
312 9671.45
313 9882.21
314 11507.99
315 11160.61
316 11047.84
317 11311.53
318 10835.65
319 10160.68
320 10923.86
321 10811.09
322 11147.50
323 10886.91
324 10733.84
325 10702.13
326 10700.94
327 10968.69
328 10790.11
329 10255.58
330 10830.16
331 11100.53
332 10663.51
333 10524.03
334 10905.74
335 10914.09
336 10846.38
337 10615.11
338 10349.51
339 10600.33
340 9911.30
341 9613.04
342 10234.36
343 9883.40
344 9256.60
345 9506.70
346 6917.00
347 9433.51
348 9254.46
349 9567.26
350 9513.14
351 8969.55
352 9839.77
353 10151.86
354 9221.32
355 9760.86
356 10015.73
357 10049.58
358 9929.18
359 10127.78
360 10332.35
361 10127.07
362 10649.92
363 10342.84
364 9879.11
365 10095.36
366 10680.91
367 10454.65
368 9860.99
369 10645.15
370 10570.53
371 10380.98
372 9400.84
373 10057.93
374 10026.45
375 10431.53
376 9548.66
377 9640.46
378 9487.39
379 9830.95
380 10580.78
381 9830.95
382 10373.12
383 10776.76
384 10170.94
385 10204.08
386 10003.09
387 9532.21
388 11053.56
389 11118.17
390 9778.98
391 9865.28
392 11040.21
393 11058.57
394 10848.52
395 10590.31
396 10098.70
397 9869.81
398 9886.26
399 11421.68
400 10397.91
401 10545.25
402 10058.88
403 10105.37
404 10614.87
405 10200.74
406 10472.30
407 9887.70
408 10673.52
409 11189.94
410 10978.70
411 10533.09
412 10479.45
413 11008.98
414 10113.72
415 10406.49
416 10289.91
417 10842.32
418 10213.14
419 10771.04
420 10717.39
421 10854.96
422 10885.00
423 10747.91
424 10752.20
425 10785.58
426 10732.89
427 10199.31
428 11048.32
429 9464.98
430 10841.61
431 10637.28
432 10906.93
433 10756.02
434 11720.18
435 12068.51
436 10259.15
437 9462.59
438 10577.20
439 9985.92
440 9830.95
441 9841.44
442 9446.14
443 9596.11
444 9732.48
445 9478.81
446 9201.77
447 10339.50
448 12038.95
449 10253.19
450 10539.77
451 10151.15
452 9775.40
453 10092.97
454 11081.70
455 11070.01
456 11186.60
457 10869.98
458 9712.46
459 10149.24
460 10967.25
461 11025.19
462 10597.71
463 11722.80
464 10105.13
465 10022.88
466 10623.22
467 10997.30
468 10419.13
469 10972.98
470 11681.08
471 10891.91
472 10986.33
473 9732.96
474 10362.39
475 10598.66
476 10020.73
477 10670.42
478 10883.57
479 10781.76
480 10189.29
481 9993.79
482 11024.48
483 9662.63
484 9256.84
485 10409.59
486 10203.12
487 9925.84
488 9645.22
489 11328.94
490 10496.14
491 10129.21
492 10108.95
493 10150.67
494 10212.90
495 10753.63
496 11349.44
497 10208.13
498 10777.71
499 9818.79
500 10024.79
501 9663.34
502 10815.38
503 11572.84
504 10644.20
505 10603.67
506 10575.77
507 9962.80
508 9817.84
509 10955.10
510 10902.40
511 10507.58
512 10895.49
513 10853.05
514 10909.32
515 9945.87
516 10786.53
517 10681.87
518 10994.91
519 10227.20
520 9987.35
521 10978.94
522 10631.08
523 4587.89
524 9606.60
525 9276.39
526 9959.22
527 10527.85
528 9911.78
529 9912.01
530 9830.00
531 9389.64
532 8032.56
533 9959.22
534 9462.83
535 9511.23
536 8872.51
537 9495.02
538 9284.02
539 9271.14
540 10160.45
541 10113.72
542 10237.22
543 10935.31
544 9804.49
545 10034.56
546 9888.89
547 9927.27
548 10156.87
549 9977.34
550 10855.67
551 11590.24
552 10627.27
553 11093.85
554 11838.44
555 10701.18
556 11499.88
557 10871.41
558 10837.32
559 10669.95
560 10891.44
561 10707.38
562 10265.83
563 11466.98
564 11848.21
565 11097.67
566 10875.23
567 10463.24
568 11085.99
569 11287.93
570 10566.95
571 10933.64
572 11196.85
573 12012.24
574 11473.89
575 10657.55
576 11533.26
577 11795.04
578 10993.48
579 10463.24
580 11049.75
581 10655.64
582 11226.42
583 10186.43
584 11147.02
585 9859.56
586 10541.20
587 10874.51
588 10127.31
589 7987.50
590 8500.10
591 9030.58
592 9163.62
593 9413.48
594 9114.98
595 10687.83
596 11070.25
597 11002.30
598 10465.15
599 9866.95
600 11644.84
601 9663.82
602 9647.85
603 9786.13
604 9915.59
605 9868.38
606 9981.63
607 9454.97
608 9892.70
609 9578.94
610 9851.22
611 10432.48
612 11463.64
613 10117.53
614 9725.33
615 9949.45
616 9731.53
617 9899.62
618 10056.02
619 9705.78
620 9783.27
621 10769.37
622 9948.49
623 9877.92
624 9744.41
625 10102.99
626 9834.05
627 9456.87
628 9796.86
629 8763.79
630 9761.57
631 10432.00
632 10447.74
633 9782.55
634 9790.42
635 10674.24
636 10249.61
637 10786.77
638 11168.00
639 11453.39
640 9649.28
641 9886.26
642 9907.72
643 10630.85
644 10623.46
645 9917.97
646 10131.36
647 11507.99
648 9340.76
649 9752.75
650 9867.91
651 10618.21
652 10844.47
653 9866.24
654 10475.87
655 10562.18
656 10209.56
657 10680.91
658 10513.31
659 10545.49
660 11225.22
661 10054.35
662 11004.92
663 10922.19
664 11245.97
665 10551.45
666 10604.86
667 10412.93
668 10881.42
669 9912.49
670 10531.19
671 10140.18
672 10229.35
673 10341.64
674 10495.19
675 9856.22
676 10077.24
677 9649.52
678 11341.57
679 10446.55
680 10479.45
681 10333.78
682 10253.67
683 11352.54
684 10204.79
685 9676.22
686 9898.90
687 10026.93
688 9917.74
689 10147.33
690 10894.06
691 10826.59
692 10182.86
693 9812.59
694 10414.60
695 10268.93
696 10004.76
697 11327.03
698 10058.16
699 10074.85
700 9687.90
701 10524.51
702 9813.31
703 9343.15
704 10025.98
705 9401.80
706 11585.00
707 11560.92
708 9463.07
709 10487.79
710 11083.13
711 10581.02
712 9987.35
713 9770.63
714 10019.54
715 10520.46
716 10871.17
717 10536.43
718 9966.14
719 9850.74
720 10179.76
721 10107.76
722 10632.75
723 9706.97
724 10446.31
725 11043.31
726 11464.60
727 10218.14
728 10605.10
729 10373.35
730 11429.55
731 10211.71
732 9856.94
733 10586.98
734 9350.30
735 10699.03
736 10510.44
737 11320.11
738 12595.65
739 11830.33
740 11645.08
741 10577.68
742 9898.66
743 10324.24
744 10484.46
745 11297.70
746 13473.75
747 10764.36
748 10282.52
749 10468.72
750 9300.95
751 10689.97
752 10987.04
753 11629.82
754 9122.37
755 9431.60
756 9032.25
757 9259.22
758 9521.25
759 10412.69
760 10830.88
761 10041.00
762 11824.37
763 11775.73
764 11391.88
765 11580.23
766 11932.85
767 12165.07
768 10489.94
769 10806.56
770 10153.29
771 12320.28
772 11431.22
773 11090.99
774 11844.40
775 9877.44
776 11782.65
777 10180.00
778 9718.42
779 9928.46
780 10110.86
781 9405.85
782 9818.32
783 10626.08
784 11222.36
785 11652.71
786 10729.31
787 11728.05
788 11258.84
789 9290.46
790 10596.04
791 10992.29
792 10665.42
793 10854.96
794 10309.46
795 11268.38
796 11615.51
797 11076.93
798 11801.24
799 12051.82
800 11509.66
801 11637.45
802 9737.49
803 11094.09
804 11184.93
805 10735.03
806 11542.80
807 12083.53
808 11666.54
809 9800.67
810 10879.28
811 11185.17
812 11271.72
813 11745.45
814 11492.97
815 9803.30
816 9861.23
817 9807.35
818 10330.20
819 11454.82
820 10330.20
821 11660.34
822 10355.95
823 9899.62
824 11433.36
825 11432.89
826 11010.89
827 10975.36
828 9765.86
829 10698.32
830 10929.82
831 10689.26
832 10191.44
833 9723.42
834 10648.01
835 10645.63
836 9247.30
837 9921.55
838 10236.98
839 10293.96
840 10069.61
841 10498.76
842 10461.57
843 10715.01
844 9970.90
845 9967.80
846 9709.12
847 9683.13
848 9467.36
849 9272.34
850 10093.21
851 10200.50
852 10610.58
853 9938.72
854 10532.62
855 10751.25
856 10834.69
857 9759.90
858 11398.79
859 10913.13
860 9982.11
861 10729.07
862 9817.60
863 9936.57
864 10782.96
865 11111.02
866 10707.62
867 9683.13
868 10923.86
869 10406.49
870 10073.66
871 10393.38
872 10858.30
873 9855.75
874 9955.41
875 10775.57
876 10162.59
877 9946.35
878 10630.85
879 9780.88
880 9380.58
881 9683.61
882 9651.66
883 9319.78
884 7739.31
885 9024.38
886 9333.85
887 9284.26
888 9290.22
889 9047.51
890 9946.35
891 9845.50
892 10993.96
893 9988.55
894 10438.92
895 10435.34
896 10034.08
897 10452.51
898 10841.85
899 10604.38
900 11250.02
901 11511.33
902 12564.66
903 12041.33
904 11491.78
905 11396.17
906 11013.98
907 12282.13
908 12115.00
909 10540.01
910 11177.06
911 10374.55
912 9538.89
913 9583.23
914 9364.60
915 9407.76
916 10853.29
917 10780.57
918 8259.53
919 9970.19
920 9889.13
921 9329.32
922 9387.02
923 9648.08
924 11147.02
925 9957.31
926 10859.01
927 11929.51
928 11511.09
929 9975.91
930 9988.78
931 10136.13
932 11149.41
933 10975.84
934 10879.99
935 10418.89
936 10626.79
937 10669.47
938 10068.42
939 10588.65
940 10670.90
941 10539.77
942 10637.76
943 10159.02
944 10686.64
945 10718.82
946 10631.08
947 11173.01
948 10600.33
949 10581.49
950 11639.83
951 10583.40
952 10611.30
953 10371.21
954 10369.78
955 10458.47
956 10428.67
957 10368.35
958 10401.73
959 10859.25
960 12003.66
961 10970.83
962 12444.02
963 10488.51
964 10078.91
965 10158.54
966 9880.78
967 9176.02
968 10718.35
969 10887.38
970 11138.44
971 11208.53
972 10008.34
973 9603.50
974 10133.50
975 11935.23
976 11128.43
977 11506.32
978 11464.12
979 11557.58
980 11637.21
981 11649.61
982 11230.23
983 9970.43
984 10218.14
985 10383.37
986 10344.03
987 10473.25
988 10562.90
989 11028.05
990 10994.91
991 10387.90
992 10697.60
993 10357.14
994 10724.31
995 10580.78
996 10027.41
997 10718.11
998 10476.59
999 10471.58
