100
0 34636.74
1 10752.44
2 10299.92
3 10138.27
4 10061.74
5 11024.71
6 11439.32
7 9804.49
8 10407.92
9 10057.45
10 9766.10
11 10669.95
12 10351.18
13 11152.27
14 10832.79
15 10513.78
16 11145.83
17 10856.63
18 11180.64
19 11525.39
20 10370.25
21 11646.99
22 10853.05
23 10886.67
24 11163.23
25 11433.60
26 11189.22
27 11225.94
28 10502.34
29 11377.10
30 11227.37
31 11577.13
32 11280.30
33 10973.69
34 11268.14
35 11315.82
36 11565.92
37 11948.11
38 10995.15
39 11168.24
40 10752.20
41 11103.39
42 10266.30
43 11080.74
44 11038.78
45 10907.41
46 10876.89
47 10357.38
48 11104.82
49 5473.14
50 4976.51
51 4841.80
52 9235.14
53 10863.30
54 10988.47
55 9867.19
56 10423.18
57 10483.03
58 10226.01
59 10190.96
60 10715.25
61 11163.00
62 10789.16
63 10820.63
64 11112.45
65 10905.03
66 10848.28
67 10910.03
68 11135.58
69 11396.88
70 11587.14
71 10466.81
72 10405.06
73 10663.27
74 10437.73
75 10574.10
76 10498.05
77 10228.16
78 10474.92
79 10621.55
80 10577.92
81 10549.55
82 10404.35
83 10286.81
84 10273.46
85 10279.66
86 10479.69
87 10771.99
88 10557.41
89 10979.18
90 10708.57
91 10301.83
92 11399.27
93 11443.38
94 11259.79
95 10540.49
96 10724.31
97 10951.28
98 10670.66
99 10903.12
