1000
0 38303.85
1 9147.64
2 11495.11
3 12188.43
4 12370.59
5 12873.65
6 9627.58
7 12065.41
8 15623.57
9 13444.90
10 13706.21
11 13824.22
12 13723.61
13 12886.52
14 13964.89
15 13944.63
16 15847.68
17 14068.84
18 14834.88
19 13999.70
20 16961.81
21 13928.65
22 14059.31
23 14017.58
24 16598.70
25 13827.56
26 14052.39
27 14280.32
28 14536.38
29 15500.78
30 13934.14
31 13565.78
32 13822.32
33 14107.70
34 14232.16
35 13640.88
36 15232.09
37 13959.65
38 14178.04
39 14061.93
40 14202.12
41 13071.30
42 14191.87
43 14267.21
44 14961.96
45 12824.30
46 21757.36
47 13911.72
48 13555.29
49 16697.65
50 16872.88
51 13563.63
52 19051.07
53 13640.40
54 13953.21
55 17252.21
56 13828.28
57 14173.27
58 13984.20
59 14147.28
60 13815.16
61 13556.72
62 14283.90
63 14266.49
64 13877.63
65 13845.92
66 14198.30
67 14284.85
68 14104.37
69 14259.34
70 14034.75
71 13699.29
72 14034.51
73 14302.97
74 14053.34
75 14047.38
76 13834.71
77 14061.69
78 13947.25
79 14024.50
80 15075.45
81 13780.36
82 14148.00
83 15030.15
84 13049.36
85 17424.35
86 14468.43
87 13087.51
88 13936.28
89 14592.41
90 17188.07
91 16669.75
92 20180.70
93 16580.82
94 15865.33
95 15317.44
96 13525.01
97 15450.48
98 15128.14
99 18499.61
100 13445.38
101 14793.63
102 18072.13
103 14781.95
104 15534.88
105 14217.62
106 14242.41
107 12016.77
108 13859.03
109 14046.19
110 13794.42
111 14351.61
112 14078.38
113 15843.15
114 6890.30
115 14079.57
116 4643.92
117 13754.84
118 14120.10
119 14681.82
120 13643.50
121 14412.40
122 14138.70
123 14593.60
124 14276.50
125 14403.58
126 14384.27
127 14206.41
128 14157.77
129 14315.84
130 13965.37
131 14077.43
132 14200.21
133 14435.77
134 14303.21
135 14012.81
136 14214.28
137 14383.08
138 13652.09
139 14025.45
140 13871.19
141 13638.02
142 13914.82
143 14161.11
144 14174.46
145 14414.07
146 13944.86
147 14025.21
148 14389.04
149 13532.40
150 13869.76
151 14069.56
152 14233.11
153 13410.09
154 13054.61
155 13888.36
156 14366.63
157 13833.76
158 13844.97
159 13887.17
160 16008.85
161 18412.11
162 16454.94
163 13781.55
164 15478.61
165 14412.88
166 13847.11
167 13827.56
168 13934.14
169 14124.63
170 13687.13
171 13988.73
172 14026.64
173 13957.26
174 13754.84
175 13891.94
176 14402.39
177 13834.48
178 15147.92
179 14168.50
180 14023.07
181 13764.14
182 13974.43
183 13772.73
184 13858.08
185 13874.29
186 13855.93
187 13928.89
188 13738.16
189 13481.14
190 13753.89
191 16572.95
192 13392.93
193 14808.65
194 17801.52
195 13817.79
196 14188.77
197 18353.22
198 13057.95
199 18503.90
200 13797.76
201 14599.32
202 13559.58
203 15652.66
204 13832.09
205 13879.30
206 13863.80
207 15000.34
208 13975.38
209 13431.79
210 13783.45
211 13812.30
212 13597.25
213 13743.16
214 13987.54
215 14013.29
216 13646.84
217 13980.63
218 14173.98
219 13970.85
220 13900.04
221 13875.01
222 13736.01
223 13474.23
224 13807.30
225 13542.65
226 17636.06
227 13602.26
228 13777.49
229 13489.25
230 14101.74
231 13871.19
232 13866.90
233 13675.69
234 13777.73
235 13623.48
236 13980.39
237 13847.35
238 13291.60
239 13750.79
240 13779.16
241 13855.93
242 13817.07
243 13419.63
244 14154.91
245 13932.47
246 13411.76
247 13849.26
248 13551.24
249 13742.21
250 13793.71
251 13838.77
252 13884.78
253 13596.30
254 13961.79
255 13347.63
256 13527.15
257 13804.67
258 13966.56
259 13707.40
260 13803.24
261 13563.16
262 13795.38
263 14053.11
264 14818.91
265 13894.80
266 13834.71
267 16216.99
268 13802.05
269 14093.88
270 13963.70
271 13725.52
272 13981.58
273 13834.24
274 13622.76
275 13800.86
276 13850.93
277 13639.21
278 15346.53
279 15561.58
280 13554.10
281 13404.61
282 16663.07
283 13792.04
284 13117.79
285 13137.58
286 13933.66
287 14300.82
288 13844.73
289 14102.70
290 14083.15
291 13687.85
292 13873.82
293 16307.59
294 12517.69
295 15012.26
296 14020.68
297 13757.23
298 14162.30
299 16140.46
300 15693.90
301 13420.10
302 18086.67
303 13486.39
304 20657.30
305 17693.28
306 15004.40
307 13741.02
308 14908.55
309 13271.57
310 14838.70
311 13857.13
312 13917.68
313 13622.05
314 19741.54
315 13900.04
316 13004.06
317 13907.67
318 13773.20
319 13249.87
320 13502.36
321 13586.76
322 13766.77
323 13771.53
324 13802.53
325 13386.49
326 13848.78
327 13863.09
328 13858.80
329 13997.79
330 14033.08
331 14024.26
332 13880.49
333 13858.80
334 13998.99
335 13555.77
336 14853.24
337 13813.26
338 13679.50
339 13851.64
340 13582.94
341 14354.23
342 13794.90
343 13759.61
344 13926.98
345 13989.69
346 13872.15
347 11038.78
348 11427.16
349 13956.07
350 15107.39
351 13326.41
352 14931.20
353 13597.73
354 5857.23
355 4908.32
356 5611.42
357 5270.00
358 5551.58
359 3987.79
360 21346.33
361 4225.25
362 4861.35
363 36853.79
364 4133.22
365 9391.78
366 12881.99
367 12831.93
368 13017.65
369 14092.21
370 13039.35
371 13036.97
372 7722.14
373 4707.34
374 5030.63
375 3943.20
376 5558.97
377 12628.56
378 13409.85
379 17504.69
380 18314.36
381 12559.18
382 14910.22
383 13413.19
384 13093.47
385 13561.25
386 13495.92
387 14312.03
388 13481.38
389 13429.16
390 13499.50
391 12780.67
392 14403.82
393 13826.85
394 12928.01
395 14161.83
396 13299.47
397 13800.86
398 13762.95
399 17005.44
400 13522.39
401 13117.79
402 13642.79
403 12731.08
404 13763.43
405 13879.06
406 13685.46
407 13450.62
408 13689.76
409 13970.38
410 13765.34
411 13289.93
412 13554.33
413 13745.07
414 12705.80
415 14832.26
416 13882.16
417 14039.04
418 13758.66
419 13593.44
420 13352.63
421 13002.16
422 16562.22
423 15217.54
424 15213.25
425 17457.96
426 13902.66
427 13831.62
428 13854.27
429 17932.42
430 13894.08
431 13409.85
432 13650.42
433 13514.76
434 13735.06
435 13739.59
436 13788.94
437 13935.33
438 16079.66
439 14130.83
440 16028.64
441 15558.48
442 15033.72
443 13821.13
444 14239.79
445 13959.65
446 20062.21
447 14299.63
448 14023.54
449 14072.42
450 15031.58
451 15756.85
452 15676.50
453 14364.00
454 13067.72
455 18439.29
456 13931.51
457 13814.21
458 13630.63
459 13806.34
460 13053.18
461 16402.48
462 15826.23
463 14166.36
464 14214.75
465 13915.78
466 13780.83
467 12845.52
468 16977.55
469 14214.04
470 13271.57
471 13784.89
472 13931.51
473 13517.62
474 14135.60
475 13841.87
476 13877.87
477 13915.78
478 13798.95
479 14033.32
480 13939.62
481 13896.70
482 13823.51
483 13768.67
484 13800.86
485 13950.59
486 13906.00
487 13806.58
488 13903.38
489 14279.37
490 13904.57
491 13981.34
492 13576.27
493 12924.19
494 13749.60
495 13677.36
496 13762.00
497 13226.03
498 13989.93
499 13700.25
500 13797.76
501 13527.87
502 13763.43
503 13794.90
504 14143.94
505 13938.90
506 13989.69
507 13836.38
508 13791.80
509 13915.78
510 13871.91
511 13994.22
512 13132.33
513 13730.05
514 13901.23
515 14621.73
516 13795.14
517 13604.64
518 13774.87
519 14122.01
520 13859.03
521 12770.89
522 14011.14
523 13818.74
524 14294.15
525 13851.64
526 14420.51
527 13896.94
528 13886.45
529 13844.97
530 13635.40
531 13754.13
532 13591.29
533 13841.15
534 13939.38
535 14041.19
536 13740.54
537 13489.72
538 13615.37
539 13726.00
540 13763.67
541 13804.20
542 13834.00
543 14035.94
544 13861.42
545 14009.24
546 13727.90
547 13844.25
548 13604.64
549 13695.72
550 13492.35
551 12630.22
552 13814.45
553 13695.24
554 13711.21
555 13944.86
556 13857.84
557 13821.36
558 13930.80
559 13715.03
560 20470.38
561 13845.21
562 13730.76
563 15409.95
564 13779.88
565 13914.59
566 13828.52
567 13942.96
568 13442.28
569 13587.71
570 18750.19
571 15509.84
572 13771.30
573 13823.03
574 13759.14
575 12124.54
576 16074.18
577 16104.70
578 12811.90
579 13605.59
580 14070.03
581 12993.81
582 6245.14
583 6895.54
584 14446.97
585 13990.40
586 18396.38
587 15325.78
588 14952.90
589 34098.86
590 18226.62
591 14148.47
592 14080.05
593 13324.74
594 15903.23
595 51728.96
596 5887.27
597 18178.70
598 13737.44
599 17359.97
600 14376.64
601 13176.20
602 18074.27
603 16891.00
604 17638.21
605 13793.23
606 14200.93
607 14111.76
608 13977.53
609 14072.90
610 13918.64
611 13993.98
612 13945.10
613 14004.95
614 13391.97
615 13686.90
616 13900.76
617 13875.48
618 13293.50
619 13904.81
620 13998.51
621 13199.09
622 13417.24
623 13712.64
624 12561.32
625 14260.29
626 14144.42
627 13361.69
628 14866.83
629 14475.58
630 15103.82
631 12781.86
632 15740.87
633 17125.61
634 13284.44
635 14342.78
636 14622.93
637 13600.83
638 14064.07
639 13682.60
640 15458.11
641 13388.40
642 14557.84
643 14718.77
644 12774.23
645 13015.75
646 13686.42
647 13471.60
648 13537.65
649 13757.47
650 14211.42
651 14038.56
652 13785.12
653 13663.53
654 13870.48
655 13856.17
656 13599.87
657 13438.22
658 13999.22
659 14046.67
660 13879.06
661 16940.36
662 13685.70
663 13325.21
664 15445.95
665 16602.99
666 15488.86
667 13025.05
668 15722.04
669 15313.63
670 14839.41
671 15459.54
672 19414.90
673 13459.21
674 15618.56
675 18119.34
676 13034.82
677 13617.04
678 18963.81
679 15131.47
680 15457.15
681 17354.25
682 17008.54
683 15087.60
684 19500.97
685 14881.13
686 15166.28
687 15108.82
688 17015.46
689 14539.00
690 13448.48
691 19760.13
692 13400.08
693 14120.82
694 13585.81
695 13992.07
696 13520.48
697 13881.21
698 13900.52
699 14288.66
700 13453.96
701 13903.38
702 13502.36
703 13211.73
704 16812.09
705 16855.48
706 12599.95
707 17835.38
708 19848.59
709 13660.43
710 13809.68
711 16385.56
712 13990.16
713 13778.45
714 13669.01
715 14204.26
716 14636.04
717 15434.50
718 13863.80
719 13718.61
720 17456.29
721 18101.69
722 13843.54
723 12657.64
724 17937.42
725 14866.11
726 12849.57
727 16942.74
728 13181.45
729 13845.92
730 17484.66
731 13834.24
732 14489.17
733 13418.20
734 13313.53
735 14744.76
736 13519.76
737 15354.63
738 13669.49
739 13660.43
740 16185.76
741 13778.21
742 15573.02
743 14369.96
744 18924.71
745 12900.83
746 17551.42
747 13271.81
748 124115.94
749 3726.24
750 13811.59
751 13420.82
752 12869.36
753 14080.05
754 13518.57
755 14012.34
756 13787.51
757 14032.36
758 14237.88
759 13750.31
760 13806.58
761 13843.54
762 14151.57
763 12754.68
764 13933.90
765 13651.13
766 13695.48
767 13834.48
768 13433.93
769 13860.23
770 13515.00
771 13740.06
772 13575.55
773 14176.13
774 13578.41
775 13264.89
776 13925.55
777 12831.93
778 13554.10
779 13370.28
780 13858.80
781 14053.34
782 14347.08
783 14685.15
784 12904.41
785 12544.16
786 15528.68
787 13519.05
788 13136.15
789 13041.02
790 14877.56
791 14948.37
792 19400.60
793 18314.84
794 13245.34
795 13139.01
796 17146.11
797 4305.84
798 5963.56
799 5335.09
800 4044.53
801 4576.21
802 15475.75
803 4350.90
804 4210.23
805 4391.91
806 4304.41
807 13466.36
808 12718.68
809 12647.15
810 13373.37
811 12687.68
812 13219.59
813 12932.30
814 13692.86
815 13665.68
816 4266.26
817 4568.58
818 5370.38
819 5730.39
820 12353.90
821 15704.39
822 12837.65
823 13706.68
824 13131.38
825 14548.78
826 16928.43
827 12118.10
828 16831.40
829 15670.78
830 13713.36
831 14693.74
832 19095.42
833 13300.42
834 18129.11
835 18662.45
836 13550.52
837 12408.97
838 14328.00
839 17055.27
840 14465.09
841 15081.64
842 14133.69
843 13932.47
844 13680.46
845 13909.10
846 15734.20
847 23731.95
848 18268.82
849 13757.47
850 12851.95
851 14955.28
852 14071.70
853 12828.35
854 14286.52
855 12991.91
856 13579.37
857 13992.79
858 13883.35
859 13661.62
860 13765.10
861 13765.81
862 13489.48
863 13787.98
864 13675.45
865 13867.14
866 13814.93
867 13764.38
868 13696.91
869 13960.36
870 13896.47
871 14325.62
872 13524.06
873 13630.39
874 14032.84
875 14070.51
876 13426.54
877 13906.96
878 13863.09
879 13895.03
880 14444.11
881 13673.78
882 13680.46
883 14142.27
884 13496.16
885 13703.35
886 12879.85
887 13896.47
888 14556.88
889 14224.29
890 14207.60
891 13874.05
892 13858.56
893 13310.19
894 12956.38
895 13854.03
896 13789.65
897 13347.86
898 13411.28
899 13344.53
900 16947.27
901 13389.59
902 13827.32
903 13031.01
904 13935.57
905 13913.15
906 13661.62
907 13892.41
908 13769.15
909 13608.22
910 13911.72
911 13833.52
912 13683.80
913 13800.38
914 13725.52
915 13427.73
916 14090.06
917 14569.52
918 14080.76
919 13433.93
920 14164.69
921 14066.70
922 13305.43
923 13793.47
924 15301.47
925 11862.75
926 13621.57
927 13173.82
928 15046.36
929 14927.63
930 15599.49
931 14374.02
932 13061.76
933 17307.52
934 14410.26
935 13816.60
936 13873.34
937 13724.57
938 12444.50
939 15815.26
940 17338.51
941 13391.49
942 14039.04
943 14188.29
944 13667.82
945 13125.42
946 14026.17
947 13807.06
948 13675.69
949 13824.22
950 13875.25
951 13864.28
952 13777.49
953 13769.63
954 15301.47
955 12903.93
956 14168.74
957 13879.30
958 12449.98
959 13846.40
960 19931.79
961 20391.23
962 21514.18
963 14932.16
964 15745.16
965 15300.04
966 19074.44
967 13274.43
968 13290.88
969 15008.69
970 13664.48
971 14724.73
972 15534.64
973 13499.26
974 13854.74
975 13818.74
976 13590.81
977 13576.51
978 13781.79
979 13911.96
980 15473.60
981 13296.13
982 13831.62
983 13877.39
984 13708.11
985 13844.25
986 13901.95
987 13749.60
988 13811.59
989 18380.40
990 13417.96
991 14322.04
992 13879.30
993 13654.47
994 13680.93
995 13453.96
996 15378.00
997 13879.54
998 13786.55
999 13967.04
