100
0 40913.34
1 17505.65
2 19127.85
3 13758.18
4 18323.90
5 14112.71
6 16030.79
7 16481.40
8 18227.10
9 17393.59
10 14868.97
11 19784.21
12 15092.37
13 13664.01
14 15101.43
15 18584.97
16 12548.92
17 13300.66
18 19338.61
19 14779.09
20 12507.68
21 15230.18
22 14303.92
23 14308.21
24 11013.98
25 13604.16
26 13799.91
27 15542.51
28 15525.58
29 15772.34
30 13502.60
31 13635.40
32 13955.83
33 12028.93
34 16979.46
35 19216.54
36 14034.03
37 13450.15
38 19525.77
39 15054.94
40 12839.56
41 15373.47
42 13957.98
43 13545.04
44 16912.70
45 15638.59
46 14001.85
47 14653.92
48 14056.68
49 14121.53
50 15122.18
51 15288.83
52 13285.40
53 13859.27
54 17126.08
55 14756.92
56 13702.15
57 14096.50
58 17598.87
59 13923.65
60 15886.78
61 19646.17
62 13593.67
63 13853.31
64 13118.51
65 13628.24
66 12967.11
67 13795.38
68 14051.91
69 13935.09
70 20135.64
71 16690.02
72 13540.51
73 13850.45
74 14357.57
75 14096.50
76 14002.80
77 17428.64
78 16051.05
79 12920.14
80 16740.80
81 15625.00
82 15259.50
83 14500.14
84 14122.01
85 14521.60
86 19732.48
87 4904.51
88 7471.32
89 13277.53
90 16119.48
91 14136.55
92 12781.62
93 14228.58
94 13849.26
95 14097.93
96 13879.54
97 14110.09
98 12934.45
99 13671.88
