100
0 33032.66
1 11359.69
2 14506.58
3 13037.68
4 12223.01
5 13050.32
6 15564.20
7 11937.14
8 13944.86
9 15644.07
10 13906.96
11 10832.55
12 115424.63
13 44057.61
14 4592.18
15 6156.68
16 13322.59
17 13533.83
18 13556.00
19 14098.41
20 12972.35
21 14045.95
22 13997.79
23 13202.43
24 13046.26
25 18202.07
26 13262.27
27 13785.12
28 9304.29
29 11805.53
30 28775.22
31 4596.23
32 13902.66
33 13052.94
34 14756.68
35 12542.49
36 13888.12
37 13180.02
38 13809.44
39 12956.14
40 12403.01
41 15175.10
42 13459.44
43 6189.58
44 5877.26
45 6054.16
46 4655.60
47 20655.87
48 18415.93
49 13269.90
50 18444.06
51 13559.82
52 13185.02
53 21317.72
54 20351.41
55 12996.20
56 12875.08
57 13300.90
58 13852.83
59 8455.28
60 5253.79
61 31225.92
62 4509.93
63 14803.65
64 13732.91
65 12938.26
66 17078.40
67 19632.10
68 12795.21
69 13302.33
70 13942.96
71 14960.53
72 13813.26
73 19418.00
74 14804.84
75 35125.49
76 5461.22
77 4005.19
78 7782.70
79 14454.84
80 13958.45
81 13668.30
82 14220.71
83 13810.40
84 13714.31
85 13742.92
86 12868.40
87 13865.47
88 13654.95
89 13511.90
90 7273.91
91 73162.08
92 6746.53
93 4790.54
94 13420.58
95 13418.20
96 13327.36
97 13516.19
98 13383.39
99 16277.07
