1000
0 7927.18
1 1842.98
2 1489.88
3 1251.22
4 1302.96
5 1331.33
6 1571.66
7 1276.02
8 1352.79
9 1213.55
10 1232.86
11 1339.67
12 1205.92
13 1198.53
14 1278.88
15 1331.09
16 1174.93
17 1198.29
18 1199.48
19 1154.42
20 1222.13
21 1317.50
22 1304.39
23 1224.99
24 1205.68
25 1218.56
26 1185.89
27 1273.16
28 1351.59
29 1206.87
30 1302.48
31 1269.82
32 1250.03
33 1649.86
34 1418.59
35 1312.49
36 1334.91
37 1740.69
38 1305.34
39 1355.41
40 1565.69
41 1259.57
42 1224.52
43 1268.63
44 1263.86
45 1240.25
46 1221.42
47 1366.38
48 1667.02
49 1995.33
50 1217.13
51 1317.02
52 1333.00
53 1410.25
54 1360.65
55 1278.16
56 1703.98
57 1317.02
58 1243.83
59 1169.44
60 1201.15
61 1271.72
62 1204.01
63 1660.11
64 1401.66
65 1389.98
66 1316.79
67 1197.10
68 1188.04
69 1369.71
70 1342.06
71 1156.33
72 1283.88
73 1182.32
74 1229.76
75 1195.67
76 1212.60
77 1200.44
78 1336.57
79 1309.39
80 1220.94
81 1263.62
82 1220.70
83 1246.45
84 1186.61
85 1224.52
86 1194.24
87 1185.66
88 1959.80
89 2051.35
90 2326.49
91 2072.10
92 1278.88
93 1337.77
94 1260.28
95 1190.90
96 1187.09
97 1330.38
98 1230.72
99 1271.25
100 1266.96
101 1225.47
102 1296.04
103 1292.94
104 1229.52
105 1255.04
106 1225.47
107 1411.44
108 1252.41
109 1234.05
110 1253.60
111 1367.81
112 1302.72
113 1240.97
114 1363.04
115 1278.16
116 1294.61
117 1256.23
118 1186.61
119 1305.34
120 1348.02
121 1286.98
122 1307.49
123 1293.66
124 1323.46
125 1318.69
126 1284.84
127 1381.87
128 1288.65
129 1215.22
130 1297.47
131 1358.51
132 1337.29
133 1347.78
134 1205.44
135 1288.89
136 1208.54
137 1223.09
138 1285.31
139 1288.41
140 1367.57
141 1240.73
142 1225.23
143 1168.25
144 1257.42
145 1294.61
146 1275.54
147 1266.24
148 1303.43
149 1263.86
150 1269.58
151 1288.89
152 1232.62
153 1405.95
154 1327.51
155 1241.45
156 1212.12
157 1361.85
158 1163.96
159 1189.23
160 1176.60
161 1190.19
162 1142.98
163 1291.99
164 1290.56
165 1179.70
166 1681.57
167 1252.65
168 1217.37
169 1210.45
170 1339.67
171 1157.05
172 1175.40
173 1186.85
174 1366.62
175 1218.32
176 1367.09
177 1164.67
178 1349.45
179 1169.20
180 1247.17
181 1258.37
182 1304.86
183 1288.41
184 1363.99
185 1317.50
186 1229.52
187 1239.54
188 1199.96
189 1321.55
190 1321.79
191 1292.94
192 1360.18
193 1352.31
194 1324.42
195 1342.06
196 1265.53
197 1270.53
198 1210.45
199 1235.96
200 1363.52
201 1312.26
202 1230.96
203 1270.06
204 1838.68
205 1273.87
206 1259.80
207 1281.26
208 1260.28
209 1379.73
210 1319.65
211 1648.43
212 1752.61
213 2103.81
214 1808.17
215 1591.68
216 1291.51
217 1224.99
218 1188.52
219 1225.71
220 1394.99
221 1207.83
222 1315.59
223 1170.40
224 1259.33
225 1362.56
226 1255.51
227 1330.38
228 1195.67
229 1204.73
230 1148.22
231 1249.79
232 1920.22
233 1414.06
234 1178.26
235 1865.39
236 2070.19
237 2038.72
238 2115.25
239 1845.60
240 1872.06
241 1994.61
242 1837.02
243 1866.58
244 2109.05
245 1495.60
246 1571.66
247 1203.54
248 1298.90
249 1346.59
250 1203.30
251 1252.89
252 1244.31
253 1277.21
254 1280.31
255 1214.50
256 1237.15
257 1266.48
258 1242.16
259 1250.74
260 1225.23
261 1165.87
262 1197.58
263 1254.80
264 1337.05
265 1234.29
266 1279.12
267 1176.83
268 1243.11
269 1266.48
270 1205.92
271 1231.67
272 1357.56
273 1206.87
274 1361.85
275 1339.67
276 1353.03
277 1396.18
278 1263.62
279 1290.80
280 1241.68
281 1233.58
282 1124.62
283 1142.98
284 1209.02
285 1238.11
286 1374.96
287 1290.08
288 1205.44
289 1200.91
290 1314.64
291 1233.10
292 1236.44
293 1385.93
294 1255.75
295 1239.30
296 1309.39
297 1174.45
298 1214.74
299 1257.18
300 1269.82
301 1261.00
302 1519.44
303 1811.74
304 1226.66
305 1219.03
306 1463.17
307 1285.08
308 1394.99
309 1387.12
310 1364.71
311 1389.27
312 2202.75
313 1310.35
314 1189.47
315 1242.16
316 1331.33
317 1197.58
318 1937.87
319 1301.53
320 2007.96
321 1202.58
322 1421.93
323 1196.86
324 1248.36
325 1265.29
326 1252.89
327 1381.16
328 2820.73
329 1290.08
330 1514.67
331 1312.97
332 1393.08
333 1398.09
334 1265.05
335 1268.15
336 1300.10
337 1227.14
338 1310.35
339 1308.20
340 1912.83
341 1983.64
342 1870.16
343 2107.86
344 1778.84
345 1766.68
346 1729.25
347 1168.25
348 1364.23
349 1355.17
350 1332.04
351 1276.02
352 1227.14
353 1892.33
354 1993.18
355 1973.63
356 1834.87
357 1887.56
358 1813.41
359 1814.60
360 1521.35
361 1807.69
362 1832.49
363 1328.47
364 2264.26
365 1993.89
366 2084.73
367 1432.42
368 2109.77
369 1600.27
370 1317.50
371 1255.99
372 1986.74
373 1948.60
374 2069.00
375 1986.50
376 1972.68
377 1679.18
378 1738.07
379 1955.75
380 2083.06
381 2047.54
382 2092.36
383 1958.13
384 2005.34
385 1484.39
386 1568.79
387 2226.35
388 1620.53
389 1768.83
390 1259.33
391 1227.62
392 1244.54
393 1232.39
394 1254.56
395 1217.60
396 1216.65
397 1211.40
398 1202.11
399 1179.46
400 1213.07
401 1243.83
402 1255.27
403 1245.02
404 1276.73
405 1302.48
406 1144.17
407 1297.24
408 1224.99
409 1238.58
410 1294.85
411 1239.06
412 1215.70
413 1276.49
414 1258.85
415 1450.78
416 1715.66
417 1806.74
418 1886.37
419 1871.59
420 2046.11
421 1983.88
422 1972.20
423 2015.35
424 1282.93
425 1936.20
426 1909.73
427 1992.70
428 1202.58
429 1197.34
430 1735.93
431 1240.49
432 1249.79
433 2092.36
434 1280.07
435 1262.66
436 1399.52
437 1495.84
438 2062.80
439 1384.26
440 1319.41
441 1461.27
442 1222.37
443 1311.06
444 1458.64
445 1289.37
446 1390.70
447 1415.01
448 1257.90
449 1645.33
450 1965.76
451 1338.96
452 1321.08
453 1447.92
454 1678.71
455 1392.36
456 1298.19
457 1273.39
458 1249.07
459 1226.66
460 1198.05
461 1262.66
462 1307.25
463 1594.07
464 1867.53
465 1815.08
466 1238.58
467 1317.02
468 1616.24
469 1485.11
470 1417.64
471 1414.06
472 1260.04
473 1367.33
474 1563.07
475 1166.82
476 1412.39
477 1713.51
478 1420.97
479 1213.55
480 1239.54
481 1232.15
482 1486.30
483 1368.28
484 1510.38
485 1342.06
486 1317.50
487 1274.59
488 1280.78
489 1296.04
490 1572.85
491 1417.40
492 1413.82
493 1390.93
494 1297.00
495 2153.87
496 1777.17
497 2018.93
498 1539.95
499 1348.26
500 1364.71
501 1485.35
502 1185.66
503 1763.58
504 1698.26
505 1817.46
506 1614.33
507 1335.62
508 1404.05
509 1222.61
510 1484.63
511 1340.39
512 1758.34
513 1165.39
514 1580.48
515 1233.10
516 1202.58
517 1167.77
518 1350.88
519 1242.64
520 1468.66
521 1331.81
522 1279.83
523 1235.49
524 1207.59
525 1552.82
526 1309.63
527 1333.00
528 1249.07
529 1251.46
530 1352.55
531 1183.99
532 1296.76
533 1325.85
534 1231.91
535 1183.27
536 1206.40
537 1203.30
538 1259.80
539 1228.09
540 1253.13
541 1188.99
542 1229.52
543 1204.01
544 1300.10
545 1224.04
546 1909.26
547 1433.37
548 1395.23
549 1454.83
550 1193.28
551 1225.23
552 1246.21
553 2230.64
554 2076.15
555 1776.70
556 1246.93
557 1226.66
558 1859.90
559 1741.17
560 1417.16
561 1380.68
562 1232.62
563 1199.01
564 1265.29
565 1313.69
566 1341.34
567 1235.96
568 1256.70
569 1407.62
570 1338.24
571 1283.65
572 1235.01
573 1341.10
574 1297.95
575 1209.50
576 1357.56
577 1318.93
578 1156.09
579 1293.42
580 1307.49
581 1354.22
582 1282.69
583 1218.56
584 1272.68
585 1195.43
586 1303.91
587 1304.15
588 1267.67
589 1250.03
590 1176.36
591 1156.09
592 1323.94
593 1268.15
594 1276.73
595 1286.98
596 1184.23
597 1181.84
598 1198.05
599 1234.29
600 1266.00
601 1234.77
602 1333.24
603 1235.01
604 1245.74
605 1353.03
606 1292.23
607 1269.34
608 1235.01
609 1191.38
610 1192.09
611 1291.75
612 1299.62
613 1242.16
614 1262.90
615 1325.37
616 1300.81
617 1329.90
618 1228.09
619 1283.17
620 1376.63
621 1301.05
622 1241.68
623 1152.04
624 1292.94
625 1301.29
626 1156.57
627 1129.15
628 1408.10
629 1265.53
630 1295.80
631 1168.25
632 1206.40
633 1278.40
634 1267.19
635 1220.94
636 1284.84
637 1334.91
638 1278.40
639 1268.63
640 1228.81
641 1191.38
642 1257.42
643 1255.51
644 1285.08
645 1189.71
646 1220.70
647 1328.71
648 1304.86
649 1285.31
650 1335.86
651 1229.29
652 1260.04
653 1334.67
654 1216.65
655 1293.90
656 1272.44
657 1281.98
658 1323.46
659 1544.71
660 1275.54
661 1327.04
662 1214.74
663 1197.81
664 1310.11
665 1257.90
666 1201.63
667 1298.67
668 1223.33
669 1232.62
670 1261.00
671 1157.52
672 1303.43
673 1276.73
674 1249.07
675 1280.78
676 1321.79
677 1274.35
678 1245.26
679 1277.92
680 1211.88
681 1312.26
682 1248.36
683 1300.57
684 1542.33
685 1316.79
686 1208.54
687 1205.68
688 2087.35
689 1281.02
690 1257.18
691 1416.68
692 2137.90
693 1469.37
694 1323.70
695 1228.57
696 1556.16
697 1469.61
698 1901.87
699 1224.04
700 1161.10
701 1271.25
702 1245.74
703 1232.39
704 1236.68
705 1253.37
706 1176.60
707 1224.52
708 1171.11
709 1202.11
710 1305.10
711 1665.12
712 1755.00
713 1936.67
714 2040.15
715 2267.12
716 1955.27
717 1966.00
718 1261.00
719 1312.49
720 1549.01
721 1387.36
722 1232.62
723 1423.84
724 1287.70
725 1277.21
726 1415.49
727 1350.16
728 1308.44
729 1226.90
730 1327.28
731 1275.30
732 1291.28
733 1302.96
734 1288.18
735 1292.23
736 1285.79
737 1332.28
738 1195.43
739 1197.10
740 1147.51
741 1350.88
742 1304.15
743 1290.80
744 1399.52
745 1260.04
746 1160.62
747 1374.01
748 1335.38
749 1206.40
750 1249.31
751 1194.00
752 1202.82
753 1215.22
754 1267.91
755 1293.42
756 1234.77
757 1219.99
758 1174.21
759 1287.94
760 1398.56
761 1369.24
762 1281.74
763 1376.63
764 1283.88
765 1288.89
766 1335.62
767 1231.43
768 1262.66
769 1276.73
770 1316.07
771 1218.80
772 1178.74
773 1391.17
774 1322.27
775 1324.42
776 1344.44
777 1201.63
778 1173.73
779 1290.08
780 1336.57
781 1209.02
782 1207.83
783 1243.59
784 1256.23
785 1306.53
786 1282.69
787 1333.48
788 1245.98
789 1188.76
790 1245.98
791 1331.09
792 1221.90
793 1271.01
794 1299.38
795 1223.80
796 1178.50
797 1230.96
798 1189.95
799 1638.41
800 1399.04
801 1162.05
802 1266.48
803 1295.57
804 1233.82
805 1267.67
806 1216.89
807 1152.52
808 1173.73
809 1226.43
810 1441.96
811 1210.45
812 1212.84
813 1277.45
814 1262.90
815 1406.43
816 1302.72
817 1293.18
818 1303.43
819 1176.60
820 1191.38
821 1303.20
822 1138.45
823 1862.05
824 1179.22
825 1174.69
826 1348.02
827 1351.59
828 1590.97
829 1238.11
830 1311.30
831 1340.15
832 1238.82
833 1261.47
834 1363.28
835 1247.64
836 1191.38
837 1269.10
838 1249.79
839 1412.63
840 1309.39
841 1292.47
842 1349.45
843 1381.64
844 1472.71
845 1307.96
846 1159.67
847 1191.38
848 1144.89
849 1471.76
850 1230.72
851 1873.97
852 1845.12
853 1270.29
854 1248.60
855 1345.87
856 1480.58
857 1300.57
858 1141.79
859 1384.74
860 1147.99
861 1231.67
862 1341.82
863 1208.07
864 1199.96
865 1416.92
866 1285.08
867 1357.32
868 2224.45
869 1339.44
870 1302.00
871 1186.37
872 1243.35
873 1167.54
874 1226.90
875 1858.00
876 2130.99
877 2176.05
878 2026.08
879 1643.90
880 1955.27
881 1252.65
882 1252.41
883 1239.06
884 1288.89
885 1192.33
886 1489.40
887 1298.90
888 1458.41
889 1306.77
890 1314.16
891 1234.77
892 1269.58
893 1283.41
894 1299.14
895 1887.56
896 1264.57
897 1250.51
898 1192.09
899 1305.34
900 1151.56
901 1137.02
902 1220.94
903 1350.40
904 1290.80
905 1280.31
906 1388.79
907 1444.10
908 1228.33
909 1317.98
910 1260.76
911 1302.72
912 1276.02
913 1251.22
914 1223.09
915 1180.89
916 1314.64
917 1171.59
918 1266.72
919 1316.79
920 1169.92
921 1204.49
922 1169.68
923 1301.29
924 1291.28
925 1142.74
926 1319.17
927 1386.17
928 1338.96
929 1310.59
930 1358.03
931 1456.26
932 1207.11
933 1364.95
934 1278.16
935 1291.28
936 1369.24
937 1229.52
938 1304.15
939 1249.31
940 1243.11
941 1183.51
942 1236.20
943 1378.06
944 1383.78
945 1225.23
946 1355.17
947 1288.18
948 1202.11
949 1175.88
950 1236.20
951 1236.92
952 1272.20
953 1331.33
954 1262.90
955 1359.70
956 1363.75
957 1514.67
958 1350.88
959 1330.38
960 1246.21
961 1270.53
962 1297.71
963 1202.82
964 1239.06
965 1286.03
966 1139.64
967 1166.82
968 1229.05
969 1307.73
970 1346.83
971 1294.14
972 1402.14
973 1331.57
974 1369.95
975 1382.11
976 1279.83
977 1228.81
978 1181.60
979 1248.60
980 1200.68
981 1372.58
982 1368.28
983 1211.40
984 1284.12
985 1356.84
986 1361.61
987 1262.90
988 1166.82
989 1373.53
990 1311.06
991 1308.20
992 1276.97
993 1232.62
994 1317.02
995 1280.55
996 1239.30
997 1435.76
998 1376.87
999 1373.29
