100
0 7503.03
1 2183.44
2 1810.79
3 1825.09
4 1856.09
5 1862.29
6 1766.92
7 1242.40
8 1926.90
9 1990.56
10 2022.98
11 1384.02
12 1990.08
13 1983.17
14 2006.29
15 1447.92
16 1832.01
17 1450.54
18 1647.47
19 1275.54
20 1495.12
21 1546.86
22 1503.71
23 1285.31
24 1478.67
25 2000.33
26 2040.62
27 2085.69
28 2127.65
29 1470.80
30 2082.11
31 2076.86
32 2111.91
33 2099.28
34 1877.31
35 2031.09
36 2035.62
37 2069.95
38 2008.44
39 2041.10
40 2039.43
41 2059.70
42 2039.91
43 1981.26
44 1985.55
45 1871.35
46 1867.06
47 1932.62
48 1877.31
49 1867.77
50 1864.19
51 1854.18
52 1923.32
53 1961.95
54 1917.60
55 1378.30
56 1313.69
57 1884.46
58 1886.37
59 1932.86
60 1970.77
61 1969.58
62 1966.48
63 1944.54
64 1962.90
65 1977.21
66 1925.47
67 1955.99
68 1888.28
69 1939.06
70 1927.85
71 1901.15
72 1908.30
73 1747.37
74 1841.78
75 1872.30
76 1890.90
77 1839.64
78 1952.65
79 1864.43
80 1874.21
81 1867.77
82 1863.48
83 1879.22
84 1938.34
85 1895.43
86 1852.75
87 2033.47
88 2013.92
89 2008.44
90 1937.63
91 1974.11
92 1955.03
93 1940.01
94 1944.78
95 1522.06
96 2096.65
97 2019.88
98 2051.83
99 2116.44
