1000
0 40099.86
1 4571.68
2 6809.00
3 16635.66
4 17821.31
5 16326.90
6 15806.44
7 13828.99
8 13720.27
9 12595.42
10 17040.97
11 16322.85
12 14101.74
13 17320.63
14 9521.96
15 6152.39
16 48794.51
17 4315.85
18 12757.06
19 14589.31
20 14809.13
21 13138.29
22 13343.81
23 14390.95
24 15940.43
25 13089.18
26 14766.93
27 13710.26
28 12968.78
29 13587.47
30 6022.21
31 5300.05
32 14128.21
33 7716.89
34 15644.31
35 12835.03
36 13201.71
37 14173.51
38 13050.32
39 13021.47
40 15971.42
41 13598.44
42 13788.94
43 13665.68
44 13852.83
45 15426.87
46 17766.48
47 5191.33
48 4496.81
49 7330.66
50 13610.60
51 13696.67
52 15150.07
53 14080.05
54 14383.55
55 15578.75
56 14305.83
57 13038.40
58 13524.29
59 12852.19
60 12299.78
61 4887.58
62 5779.03
63 5277.16
64 5506.99
65 21842.00
66 13749.36
67 13566.97
68 13748.41
69 13755.56
70 13714.55
71 13540.03
72 13709.78
73 13542.41
74 13528.11
75 13492.35
76 13298.75
77 7552.39
78 98232.75
79 9350.06
80 4515.41
81 14168.50
82 14391.18
83 13368.13
84 16624.93
85 16584.40
86 12745.86
87 12514.11
88 14916.42
89 14775.99
90 12387.04
91 16317.84
92 8181.33
93 5239.49
94 28872.73
95 4393.34
96 14474.63
97 13371.47
98 12913.23
99 13546.47
100 13221.26
101 13579.13
102 13986.11
103 13690.95
104 13553.38
105 13757.47
106 13484.24
107 16498.09
108 10350.94
109 53288.46
110 42770.15
111 4698.51
112 13836.86
113 12725.35
114 17204.05
115 14017.82
116 13832.57
117 14451.74
118 15087.13
119 14614.58
120 14937.88
121 14735.70
122 13428.69
123 13466.12
124 31867.50
125 34453.15
126 5900.14
127 9219.65
128 18052.34
129 12520.31
130 17018.56
131 18907.31
132 16566.99
133 13716.22
134 20596.03
135 14656.31
136 13186.93
137 18465.76
138 14820.81
139 8498.43
140 5133.87
141 30287.27
142 4590.03
143 13647.32
144 13823.51
145 13515.95
146 14167.79
147 13585.57
148 13743.64
149 13247.01
150 13546.47
151 13680.46
152 13719.32
153 13171.67
154 18758.06
155 5007.03
156 5527.97
157 4458.19
158 13631.82
159 13854.74
160 13355.02
161 13653.76
162 13133.76
163 13468.03
164 12293.58
165 12912.51
166 15918.25
167 18308.40
168 13854.98
169 13716.70
170 9719.61
171 96799.85
172 4162.07
173 4575.73
174 9825.94
175 13020.99
176 13298.27
177 12704.61
178 13736.72
179 13568.64
180 12878.89
181 13948.92
182 13206.48
183 13674.74
184 13576.27
185 17826.08
186 10127.31
187 5636.69
188 6515.50
189 6645.92
190 17636.78
191 14465.81
192 13183.36
193 14152.53
194 13345.72
195 14148.00
196 16013.62
197 13903.38
198 13577.70
199 13561.49
200 13624.19
201 12936.12
202 5922.79
203 5432.37
204 3858.57
205 9578.94
206 13922.21
207 13749.12
208 14081.95
209 13409.38
210 14379.26
211 13744.59
212 13419.87
213 13331.17
214 12854.58
215 13153.31
216 12956.62
217 4237.17
218 5706.79
219 5018.23
220 7662.30
221 12650.01
222 15462.16
223 14803.17
224 13588.43
225 13726.71
226 14146.09
227 14037.61
228 18787.15
229 13005.26
230 14242.17
231 14062.40
232 12995.24
233 11163.95
234 28129.10
235 5242.82
236 9818.55
237 13390.06
238 13191.46
239 15091.66
240 12462.38
241 13639.93
242 13900.52
243 14776.47
244 16013.86
245 14918.57
246 14019.01
247 13992.07
248 8955.48
249 5999.57
250 6122.59
251 4930.73
252 15430.21
253 12285.95
254 14712.57
255 12945.41
256 14048.58
257 14889.00
258 12868.64
259 14858.01
260 14803.89
261 13821.13
262 13856.89
263 15010.12
264 6454.71
265 5953.31
266 6229.88
267 8372.31
268 14928.82
269 14718.06
270 13961.08
271 15929.22
272 13141.39
273 14786.72
274 13861.18
275 13850.69
276 13261.08
277 14745.95
278 13706.45
279 4902.12
280 5608.80
281 22360.80
282 4395.96
283 17574.07
284 18638.13
285 12121.68
286 13198.85
287 13050.79
288 13924.36
289 15460.97
290 14695.64
291 14806.99
292 12749.67
293 12814.52
294 12943.98
295 6532.19
296 103482.96
297 42893.41
298 4174.95
299 13684.75
300 13494.25
301 13594.87
302 13782.74
303 14618.64
304 14161.11
305 15820.74
306 16786.10
307 13422.49
308 13928.41
309 16642.57
310 19681.45
311 16298.53
312 5362.99
313 5070.69
314 6941.08
315 13632.54
316 13607.03
317 13667.35
318 11690.38
319 16137.36
320 13762.95
321 13506.65
322 13723.37
323 13973.71
324 13700.01
325 13594.39
326 11427.64
327 5617.62
328 30282.02
329 4681.35
330 12943.98
331 13398.17
332 13443.23
333 26172.16
334 13815.16
335 13434.89
336 13485.67
337 13759.37
338 13374.33
339 13453.01
340 13285.88
341 14091.25
342 5294.32
343 5521.30
344 4928.59
345 8467.20
346 17078.64
347 13973.71
348 13967.28
349 13543.13
350 13138.77
351 13794.42
352 13042.45
353 13885.02
354 13638.73
355 14005.90
356 13760.09
357 7919.07
358 5209.45
359 29623.75
360 4293.92
361 15109.30
362 13217.93
363 13113.50
364 12637.62
365 14223.58
366 16570.81
367 12459.52
368 13279.91
369 17766.24
370 12133.60
371 20648.72
372 16319.04
373 5646.23
374 49409.63
375 35701.51
376 4931.45
377 13346.91
378 13925.31
379 13601.54
380 12443.07
381 14157.30
382 13262.27
383 13817.07
384 14838.70
385 14706.85
386 15693.90
387 13597.25
388 14009.00
389 64218.76
390 5542.28
391 4257.44
392 7772.68
393 13510.70
394 13447.05
395 16726.26
396 11734.72
397 19374.61
398 17961.74
399 13088.70
400 19224.64
401 14177.32
402 12888.91
403 13369.80
404 19017.46
405 32410.62
406 4590.27
407 4263.88
408 13645.89
409 12561.32
410 14325.14
411 15877.25
412 13108.73
413 13476.85
414 13258.70
415 14049.29
416 13721.47
417 13430.12
418 13081.79
419 12745.14
420 11051.18
421 5478.62
422 6084.68
423 17536.88
424 17936.23
425 13540.27
426 13421.30
427 13492.11
428 13427.26
429 13635.87
430 12841.94
431 13547.66
432 13759.37
433 13564.35
434 13663.29
435 7886.41
436 80266.95
437 7200.96
438 4181.86
439 13572.93
440 13820.89
441 13249.87
442 13387.20
443 13288.97
444 13102.29
445 13091.33
446 13440.61
447 13556.96
448 13390.78
449 13714.55
450 22218.70
451 6412.27
452 5792.86
453 17914.53
454 14448.17
455 13202.19
456 16201.97
457 12738.23
458 12981.89
459 14400.96
460 13541.22
461 13220.79
462 13419.63
463 13549.80
464 13574.84
465 13401.03
466 18933.53
467 6121.87
468 5992.89
469 4456.04
470 7985.12
471 13504.74
472 17183.07
473 18067.60
474 12074.95
475 16445.16
476 17443.18
477 13907.19
478 12600.90
479 12681.96
480 15671.49
481 12287.38
482 7477.76
483 44849.16
484 22033.21
485 6659.98
486 14748.33
487 14798.64
488 14572.62
489 18658.40
490 14720.44
491 12654.78
492 13607.26
493 13310.67
494 13119.46
495 13776.54
496 15150.79
497 19221.31
498 17726.66
499 5608.56
500 4381.18
501 5833.86
502 13584.14
503 13691.66
504 15634.06
505 18298.86
506 16255.38
507 13844.49
508 14414.79
509 15078.54
510 13838.29
511 13571.98
512 13597.25
513 16391.28
514 102290.63
515 34794.81
516 3869.06
517 11780.74
518 17934.08
519 13957.50
520 13418.20
521 13361.22
522 17758.61
523 13045.55
524 12839.79
525 15056.13
526 15861.75
527 13394.59
528 13127.09
529 5802.15
530 6002.90
531 5165.34
532 5188.70
533 13009.07
534 18290.28
535 14998.44
536 13459.44
537 13396.74
538 13518.57
539 13371.47
540 13465.40
541 13469.22
542 13604.64
543 13364.32
544 13105.87
545 5176.54
546 5249.26
547 4282.71
548 11389.02
549 13340.23
550 13471.84
551 14756.68
552 12990.71
553 14833.69
554 13524.29
555 13584.38
556 14190.44
557 13908.62
558 13847.59
559 12842.66
560 7524.49
561 5290.75
562 20403.39
563 5608.80
564 13613.22
565 13553.86
566 13435.84
567 13042.21
568 13082.98
569 16814.47
570 15203.00
571 13458.97
572 13789.89
573 13278.96
574 13249.40
575 12838.36
576 6101.37
577 5620.48
578 3956.56
579 7321.60
580 20807.50
581 12738.70
582 16588.21
583 13561.01
584 13574.60
585 13659.95
586 13451.10
587 13530.25
588 13916.97
589 13847.83
590 13854.98
591 6438.73
592 99505.66
593 44301.99
594 4469.39
595 13535.74
596 19079.21
597 13154.03
598 13355.26
599 16710.76
600 13924.84
601 12724.88
602 13606.79
603 13595.34
604 13356.69
605 13451.10
606 12995.96
607 5171.78
608 6467.82
609 11901.14
610 12965.44
611 12774.47
612 14378.31
613 13607.98
614 13224.12
615 13347.15
616 13734.10
617 13753.89
618 13644.93
619 13707.88
620 13615.85
621 13265.13
622 12945.89
623 20633.22
624 25057.32
625 4701.85
626 8239.03
627 13341.67
628 17232.89
629 13414.62
630 12640.95
631 13775.35
632 13732.67
633 12626.65
634 13334.51
635 13674.50
636 13617.52
637 15540.84
638 10625.12
639 102388.14
640 4310.13
641 4228.35
642 12814.04
643 13192.42
644 13378.86
645 13714.55
646 14402.39
647 14187.10
648 13378.38
649 13987.30
650 14424.09
651 13487.58
652 14833.69
653 12972.12
654 5013.23
655 5016.57
656 3977.06
657 11984.11
658 13437.51
659 13436.79
660 13354.54
661 13486.39
662 13533.83
663 13492.58
664 13696.19
665 14121.77
666 13262.51
667 13480.42
668 13424.63
669 4594.80
670 5935.67
671 4834.89
672 13658.76
673 13630.63
674 18517.02
675 13212.44
676 14286.76
677 13504.98
678 13079.88
679 13707.64
680 13525.49
681 15344.38
682 13166.43
683 13796.57
684 12989.04
685 5453.11
686 36661.62
687 6216.29
688 5145.55
689 15209.91
690 18035.17
691 14693.74
692 12482.40
693 14104.84
694 13534.55
695 13653.76
696 22360.09
697 18519.64
698 14186.86
699 14662.98
700 7638.69
701 5530.60
702 25708.44
703 5102.63
704 12869.36
705 12663.84
706 12848.62
707 13433.46
708 12442.35
709 13569.36
710 13710.98
711 14335.39
712 14079.33
713 13627.05
714 13524.29
715 17102.72
716 6382.47
717 5198.96
718 7420.54
719 5820.04
720 13330.46
721 12440.92
722 13334.04
723 17888.07
724 13426.54
725 13710.26
726 13131.14
727 16906.50
728 19991.16
729 19939.66
730 16168.12
731 10442.97
732 5424.98
733 4497.29
734 4421.71
735 13385.06
736 13513.80
737 13461.59
738 13335.94
739 13865.71
740 13682.84
741 13603.93
742 13518.33
743 13779.16
744 13403.65
745 14453.41
746 13464.69
747 8921.62
748 92069.86
749 32214.40
750 4046.44
751 18390.89
752 20386.93
753 14490.13
754 16248.70
755 18282.89
756 13491.63
757 12683.87
758 13433.69
759 13742.21
760 12680.77
761 18129.11
762 17596.01
763 7047.41
764 16530.99
765 4725.22
766 6195.07
767 13658.29
768 13619.66
769 13337.61
770 13266.32
771 13625.14
772 13100.62
773 14209.27
774 13832.09
775 13438.46
776 15136.00
777 13507.60
778 7179.98
779 6076.34
780 5082.85
781 5221.37
782 13354.06
783 13367.41
784 13308.05
785 15177.97
786 12458.32
787 16067.03
788 16597.03
789 12840.51
790 14081.48
791 17813.68
792 16323.57
793 17210.01
794 6414.65
795 5092.86
796 15497.45
797 5528.69
798 16907.69
799 13714.55
800 14066.22
801 18042.33
802 12104.27
803 15142.20
804 14887.81
805 16751.29
806 14734.98
807 15398.03
808 13310.19
809 11509.90
810 5850.79
811 4937.65
812 4326.11
813 13484.24
814 13275.38
815 12518.17
816 13204.34
817 10149.96
818 3950.60
819 13276.58
820 17342.09
821 13326.64
822 13671.64
823 17637.25
824 16094.68
825 5992.65
826 5396.13
827 6459.71
828 5265.24
829 13749.60
830 13538.60
831 13948.44
832 13203.14
833 13890.98
834 13597.97
835 12761.12
836 13782.02
837 15027.76
838 13252.50
839 13154.03
840 18082.62
841 6560.56
842 5864.14
843 4599.81
844 7552.86
845 13806.10
846 13487.82
847 13204.81
848 13566.73
849 13898.85
850 14514.45
851 12709.38
852 13395.31
853 14824.87
854 15453.10
855 18654.11
856 8654.83
857 6275.89
858 6786.35
859 6074.43
860 14369.25
861 12931.11
862 13412.48
863 13654.23
864 13423.44
865 13844.73
866 13779.64
867 8201.36
868 4727.84
869 6364.11
870 13926.74
871 15967.13
872 5136.25
873 5625.72
874 4340.65
875 19336.94
876 16644.48
877 14602.90
878 14984.13
879 13739.59
880 13991.59
881 13678.79
882 13645.41
883 13510.47
884 13653.52
885 13749.60
886 14079.81
887 7819.18
888 5209.68
889 40124.18
890 4367.83
891 13748.88
892 19392.97
893 11935.47
894 14739.99
895 13268.23
896 13860.23
897 13304.95
898 20147.56
899 16975.64
900 12942.08
901 19080.64
902 17947.44
903 7559.06
904 108403.92
905 21953.58
906 4223.11
907 12945.18
908 16884.57
909 12793.30
910 13340.95
911 13407.71
912 13466.60
913 13340.23
914 18463.85
915 13618.47
916 13857.60
917 14130.35
918 13133.76
919 5816.46
920 5841.73
921 4313.71
922 7793.66
923 13602.73
924 13604.88
925 13758.42
926 12107.85
927 17791.51
928 16235.59
929 12584.92
930 17048.12
931 18829.11
932 16384.36
933 16400.58
934 13571.50
935 25430.68
936 47368.76
937 4244.09
938 9379.86
939 13962.03
940 13306.62
941 17667.06
942 12925.15
943 12827.63
944 13488.05
945 13648.03
946 14820.81
947 17765.05
948 15534.64
949 12942.31
950 11174.68
951 5284.55
952 4714.73
953 12943.51
954 19643.31
955 13125.18
956 15762.09
957 17380.95
958 12921.09
959 13962.03
960 13620.14
961 13738.39
962 13415.10
963 13432.50
964 13702.39
965 7212.40
966 5651.00
967 5707.98
968 4906.18
969 14271.97
970 13752.94
971 14108.42
972 13794.90
973 13576.98
974 13555.05
975 13625.86
976 15727.52
977 13838.05
978 13655.90
979 13706.45
980 19266.84
981 8239.98
982 5844.12
983 32128.81
984 4366.87
985 14258.38
986 13461.11
987 12969.73
988 12849.81
989 13560.77
990 13638.73
991 13600.11
992 13495.21
993 14003.52
994 13427.26
995 15141.25
996 13636.59
997 5609.99
998 55099.73
999 4148.48
