1000
0 5939.48
1 2402.78
2 2298.83
3 2447.13
4 3622.77
5 1669.65
6 1831.05
7 2313.85
8 2411.37
9 1615.52
10 2420.90
11 2379.42
12 2572.06
13 2532.72
14 2552.27
15 2569.91
16 2336.74
17 2471.45
18 2442.60
19 5100.49
20 6495.48
21 1945.73
22 1846.55
23 2612.83
24 2571.58
25 2572.06
26 2609.25
27 2548.46
28 2543.93
29 2536.77
30 2595.42
31 2542.02
32 2542.02
33 2577.54
34 2548.46
35 7042.88
36 3719.81
37 1752.85
38 2144.81
39 2642.63
40 2462.39
41 2578.97
42 2887.73
43 2624.75
44 2559.42
45 2513.41
46 2547.74
47 2591.61
48 1617.91
49 2467.39
50 2422.81
51 1888.51
52 1947.88
53 1827.96
54 2574.68
55 2521.99
56 2598.52
57 2516.75
58 2370.12
59 2410.89
60 2460.96
61 2419.71
62 2445.70
63 2390.62
64 1747.61
65 2360.34
66 2521.75
67 2081.87
68 2017.97
69 1798.87
70 1816.99
71 2127.89
72 1565.93
73 1722.34
74 2420.66
75 1964.81
76 2422.09
77 2397.78
78 2347.71
79 2326.49
80 1739.03
81 1715.18
82 2131.46
83 1726.39
84 1943.35
85 2519.37
86 2292.16
87 2644.30
88 2367.02
89 2535.82
90 2790.45
91 2504.11
92 2543.69
93 2449.04
94 2822.64
95 2156.73
96 2542.26
97 1733.54
98 1793.15
99 2107.62
100 1762.63
101 2393.25
102 2506.49
103 2419.47
104 2472.16
105 2511.74
106 1960.52
107 1638.65
108 1831.05
109 1697.06
110 2268.08
111 1738.55
112 2489.33
113 2009.39
114 1731.63
115 1657.72
116 2533.91
117 2579.93
118 2526.04
119 2601.15
120 2424.96
121 2796.65
122 2499.82
123 2594.95
124 2330.54
125 2384.19
126 2384.42
127 2385.38
128 1753.09
129 1778.36
130 1893.52
131 1814.13
132 2475.50
133 2438.07
134 2377.27
135 2366.78
136 2377.99
137 2588.75
138 2576.59
139 2537.97
140 2398.01
141 2441.88
142 2565.62
143 2444.74
144 1825.57
145 1910.92
146 1608.13
147 1996.76
148 2367.26
149 2327.20
150 2344.61
151 2318.86
152 2556.80
153 2514.60
154 2544.40
155 2394.44
156 2308.85
157 2291.68
158 2329.35
159 1553.30
160 1693.01
161 2016.54
162 1813.17
163 2328.63
164 2583.98
165 2332.45
166 2348.90
167 2348.18
168 2313.61
169 2348.42
170 2418.28
171 2429.25
172 2407.07
173 2452.85
174 2431.15
175 1903.30
176 1806.50
177 1674.18
178 1954.79
179 2261.64
180 2241.61
181 2321.48
182 2324.10
183 2337.69
184 2410.17
185 2429.25
186 2400.64
187 2306.70
188 2312.42
189 2261.40
190 2318.86
191 1901.39
192 1729.49
193 1679.66
194 2345.80
195 2381.09
196 2344.85
197 2534.87
198 2528.19
199 2642.39
200 2488.14
201 2554.42
202 2552.03
203 2487.66
204 2537.97
205 2478.36
206 1786.95
207 1898.53
208 2030.13
209 1701.35
210 2418.28
211 2385.14
212 2426.39
213 2583.50
214 2493.14
215 2594.47
216 2594.47
217 2587.80
218 2527.24
219 2495.77
220 2582.55
221 2583.98
222 2130.75
223 1740.93
224 1626.97
225 2103.09
226 2350.57
227 2365.11
228 2338.41
229 2326.25
230 2339.12
231 2355.58
232 2310.51
233 2355.10
234 2385.85
235 2352.48
236 2470.73
237 2456.67
238 2113.82
239 1631.74
240 1611.23
241 1692.30
242 2551.56
243 2311.94
244 2352.24
245 2584.93
246 2416.13
247 2505.06
248 2302.41
249 1711.13
250 2339.60
251 2383.47
252 2401.35
253 1622.68
254 1713.75
255 2203.70
256 1755.24
257 2312.66
258 2297.40
259 2351.76
260 2499.58
261 2500.30
262 2511.50
263 1883.51
264 2418.28
265 2398.49
266 2400.88
267 2403.50
268 2407.79
269 1819.37
270 1960.75
271 1729.25
272 2534.63
273 2456.67
274 2496.24
275 2471.69
276 2463.10
277 2515.08
278 2517.22
279 2446.89
280 2482.89
281 2492.19
282 2456.19
283 2444.98
284 1772.64
285 1770.73
286 1810.55
287 1897.34
288 2324.34
289 2162.93
290 2344.61
291 1667.50
292 2578.97
293 2336.03
294 2383.95
295 2393.48
296 2320.29
297 2360.34
298 2271.41
299 2285.48
300 1811.27
301 1671.08
302 1804.11
303 2629.76
304 2559.66
305 2497.43
306 2519.37
307 2622.37
308 2410.41
309 2502.92
310 2476.45
311 2513.17
312 2527.95
313 2504.11
314 2500.30
315 1692.53
316 1814.13
317 1899.24
318 1781.23
319 2434.02
320 2409.93
321 2389.19
322 2345.09
323 2322.20
324 2327.68
325 2321.00
326 2335.79
327 2340.32
328 2568.01
329 2524.61
330 2399.44
331 1738.07
332 1691.82
333 1630.78
334 2573.01
335 2491.00
336 2423.05
337 2168.18
338 2402.54
339 1884.22
340 2019.41
341 2316.24
342 2446.89
343 2346.52
344 2518.89
345 1578.09
346 2410.41
347 1768.11
348 1760.01
349 1606.46
350 2073.53
351 2470.73
352 2575.40
353 2487.90
354 2339.84
355 2367.50
356 1905.44
357 2530.34
358 2514.12
359 2510.31
360 2505.78
361 2330.78
362 1980.07
363 1869.44
364 1779.79
365 1995.56
366 2381.09
367 2643.11
368 2485.75
369 2631.43
370 2532.01
371 3525.02
372 2540.59
373 2480.51
374 2314.81
375 1859.66
376 2360.82
377 1822.23
378 1806.50
379 1688.24
380 1682.28
381 2435.68
382 2377.51
383 2441.17
384 2404.69
385 2564.43
386 2417.09
387 1666.31
388 1781.94
389 2528.43
390 2625.70
391 2508.64
392 2543.93
393 1678.47
394 2246.14
395 1900.43
396 1772.64
397 1830.34
398 2487.18
399 2515.32
400 2488.37
401 1736.88
402 2459.76
403 2533.20
404 2455.00
405 2439.02
406 2558.71
407 2397.78
408 2345.56
409 2133.37
410 1924.28
411 1572.37
412 2519.13
413 2749.44
414 2542.73
415 2517.94
416 2444.27
417 2498.39
418 2553.22
419 1647.23
420 2114.30
421 1621.25
422 1909.73
423 1598.36
424 2383.47
425 1906.39
426 1959.80
427 2050.40
428 2024.65
429 1840.59
430 2347.95
431 2447.13
432 2510.79
433 2463.34
434 2373.46
435 1742.12
436 2151.49
437 2009.87
438 1596.69
439 1717.33
440 1966.95
441 1713.28
442 1645.80
443 2028.47
444 2434.73
445 2378.23
446 2385.14
447 2385.62
448 2391.58
449 2454.76
450 2352.48
451 2627.37
452 2110.24
453 1630.78
454 1626.01
455 1895.90
456 1827.96
457 1710.18
458 1672.03
459 2651.21
460 2393.72
461 2403.97
462 2378.23
463 2576.83
464 2556.09
465 2461.91
466 2409.70
467 2572.30
468 1744.27
469 2483.84
470 2510.55
471 1735.93
472 1957.18
473 4348.28
474 1735.93
475 2470.73
476 2314.57
477 2301.69
478 2306.94
479 2078.53
480 2513.89
481 2520.56
482 2488.61
483 2442.12
484 2451.18
485 1703.98
486 2421.86
487 1955.75
488 1728.30
489 2049.21
490 1777.41
491 2326.25
492 1749.28
493 2555.61
494 2557.52
495 2553.70
496 2553.70
497 2538.44
498 1790.05
499 1878.02
500 1820.56
501 2477.17
502 2324.82
503 1988.17
504 1797.68
505 5117.65
506 1675.13
507 2076.86
508 1710.18
509 2473.12
510 2668.14
511 1762.39
512 2197.74
513 2549.41
514 1740.93
515 2501.25
516 2500.30
517 2412.80
518 1777.65
519 1847.98
520 1767.87
521 2403.26
522 2390.86
523 2333.16
524 2319.57
525 2309.08
526 2340.56
527 2906.32
528 2528.43
529 2532.48
530 2487.90
531 2439.02
532 2216.34
533 2519.85
534 1712.56
535 2071.38
536 1708.51
537 2550.36
538 2502.44
539 2416.37
540 2420.43
541 2428.53
542 2425.91
543 2377.75
544 2517.22
545 2499.10
546 2486.47
547 2485.99
548 1962.66
549 1782.89
550 1760.48
551 1928.09
552 1826.76
553 2534.15
554 2523.90
555 2578.74
556 2542.02
557 2376.56
558 2417.56
559 2426.39
560 2401.59
561 2393.48
562 2421.62
563 2518.18
564 2395.15
565 1961.47
566 1669.41
567 1635.31
568 1882.55
569 2332.21
570 2258.30
571 2347.23
572 2324.82
573 2322.44
574 2323.39
575 2295.26
576 2357.01
577 2324.34
578 2392.77
579 2313.85
580 1590.49
581 1684.67
582 1963.85
583 1745.46
584 2220.15
585 2567.77
586 2380.85
587 2384.66
588 2364.87
589 2467.63
590 2564.43
591 2432.58
592 2535.82
593 2567.05
594 2389.19
595 2449.99
596 1845.36
597 1824.38
598 1995.33
599 2452.61
600 1718.76
601 2021.55
602 1655.10
603 1683.00
604 1723.05
605 1639.37
606 1613.62
607 1585.25
608 2381.32
609 2357.72
610 2368.21
611 2413.75
612 1809.60
613 1949.79
614 1743.08
615 2503.63
616 2466.20
617 2450.70
618 2432.82
619 2427.34
620 2458.10
621 2488.14
622 2468.59
623 2429.96
624 2423.29
625 2346.52
626 2482.89
627 1803.16
628 1904.49
629 1903.30
630 1716.85
631 2447.37
632 2618.31
633 2483.37
634 2443.55
635 2488.85
636 1697.78
637 2476.93
638 2445.70
639 2426.39
640 2352.95
641 2508.16
642 2378.23
643 1914.74
644 1683.71
645 1704.45
646 2248.29
647 2530.10
648 2437.83
649 2468.11
650 2472.40
651 2487.90
652 2259.25
653 2526.52
654 2467.87
655 2529.62
656 2517.94
657 2503.16
658 2430.44
659 1972.68
660 1972.44
661 1666.31
662 2501.73
663 2440.45
664 2318.14
665 2358.44
666 2337.46
667 2264.26
668 2304.32
669 2266.41
670 2404.93
671 2516.98
672 2445.22
673 2505.54
674 1608.13
675 1860.62
676 1691.82
677 2416.37
678 2432.82
679 2403.74
680 2375.13
681 2069.71
682 2423.05
683 2291.68
684 2468.11
685 2477.88
686 2508.88
687 2481.22
688 2461.91
689 2565.62
690 2034.66
691 1599.79
692 1722.57
693 2500.53
694 2554.66
695 2498.63
696 2485.75
697 2489.81
698 2424.24
699 2272.61
700 2524.14
701 2517.70
702 2796.89
703 2604.72
704 2331.97
705 1666.07
706 1709.46
707 2664.80
708 1704.69
709 2359.39
710 2331.26
711 2453.80
712 2389.19
713 2422.57
714 2328.87
715 2502.92
716 2485.28
717 2530.57
718 2387.29
719 2493.62
720 2486.94
721 1883.03
722 1656.53
723 1698.02
724 2386.09
725 2483.61
726 2666.95
727 2484.08
728 2420.43
729 2487.66
730 2506.26
731 2535.34
732 2489.33
733 2511.02
734 2469.54
735 2492.67
736 1682.28
737 1714.71
738 1892.09
739 1852.27
740 2269.03
741 2241.13
742 2405.17
743 2368.93
744 1630.31
745 2684.59
746 2459.76
747 2462.86
748 2469.54
749 2370.60
750 2471.45
751 2481.70
752 1897.10
753 1780.03
754 1775.74
755 2371.55
756 2417.09
757 2437.59
758 2366.54
759 2398.97
760 2319.34
761 1840.59
762 2400.88
763 2418.28
764 2412.08
765 1975.54
766 2337.93
767 2416.85
768 1788.38
769 1745.22
770 1753.09
771 2325.53
772 2363.20
773 2330.30
774 2281.19
775 2455.00
776 2421.38
777 2479.79
778 2516.51
779 2476.45
780 2542.73
781 2506.02
782 2526.04
783 1955.03
784 2300.26
785 1746.65
786 2069.00
787 2341.75
788 2301.22
789 2445.22
790 2431.87
791 2465.49
792 2415.90
793 2441.88
794 2433.06
795 2404.21
796 2440.69
797 2402.07
798 2437.83
799 1863.96
800 2126.69
801 1612.42
802 2396.82
803 2445.94
804 2509.12
805 2308.37
806 2213.95
807 2335.55
808 2275.71
809 2307.42
810 2322.67
811 2314.33
812 2347.23
813 2301.22
814 1682.52
815 1799.58
816 1826.05
817 1845.60
818 2341.27
819 2310.51
820 2459.53
821 2289.30
822 2385.38
823 2227.78
824 2341.27
825 2364.16
826 2462.39
827 2330.54
828 2475.50
829 2288.10
830 1768.83
831 1733.54
832 1681.33
833 2474.31
834 2465.01
835 2467.87
836 2464.29
837 2469.30
838 2469.06
839 2616.17
840 2517.94
841 2527.71
842 2454.52
843 2465.25
844 2329.11
845 1700.16
846 1702.79
847 2116.20
848 1778.13
849 2455.47
850 2433.06
851 2380.61
852 2471.21
853 2446.65
854 2427.34
855 2454.76
856 2422.81
857 2460.72
858 1750.47
859 2411.60
860 2442.84
861 1644.13
862 1827.72
863 1770.73
864 1775.26
865 2442.84
866 2358.91
867 2464.53
868 2362.49
869 2403.97
870 2281.67
871 2382.99
872 2523.66
873 2476.22
874 2394.91
875 2489.57
876 2465.96
877 1799.82
878 2064.70
879 1698.49
880 2371.55
881 2471.69
882 2426.86
883 2390.15
884 2458.10
885 2414.46
886 1938.58
887 2356.77
888 2303.36
889 2331.02
890 2335.07
891 2365.11
892 1762.87
893 1701.12
894 1919.98
895 1811.27
896 2453.33
897 2359.63
898 2477.17
899 2523.18
900 1765.73
901 2385.38
902 2475.50
903 2550.36
904 2471.21
905 1902.82
906 2340.79
907 2295.97
908 1762.87
909 1714.94
910 1841.31
911 2463.82
912 2446.17
913 2445.94
914 2572.77
915 2535.34
916 2520.56
917 2402.78
918 2490.04
919 2500.53
920 2534.63
921 2525.81
922 2465.72
923 2454.52
924 1769.30
925 1635.07
926 1706.36
927 2447.37
928 2610.45
929 1645.33
930 2419.95
931 2432.11
932 2571.11
933 1819.37
934 2490.28
935 2510.79
936 1665.12
937 2459.53
938 2398.97
939 1959.80
940 1751.66
941 1686.33
942 1936.67
943 2625.47
944 2457.62
945 2484.56
946 2375.36
947 2389.43
948 2598.29
949 2483.61
950 2488.37
951 2507.93
952 2408.27
953 2495.77
954 2524.85
955 1806.97
956 1840.83
957 1603.84
958 2348.42
959 2302.89
960 2336.98
961 2375.60
962 2372.50
963 2319.34
964 2331.73
965 2318.38
966 2351.28
967 2510.55
968 2554.66
969 2526.52
970 1943.83
971 1962.18
972 1731.63
973 1945.50
974 2460.48
975 2381.09
976 2472.64
977 2427.34
978 2393.01
979 1685.86
980 2422.57
981 2445.94
982 2392.05
983 2030.85
984 2398.01
985 2395.39
986 2901.08
987 1726.39
988 1815.32
989 2404.69
990 2444.03
991 2422.81
992 2413.51
993 2418.52
994 2341.99
995 2456.43
996 2411.13
997 2410.65
998 2411.60
999 2456.19
