1000
0 6478.07
1 1888.04
2 1227.62
3 1198.29
4 1185.89
5 1322.27
6 1284.60
7 1311.54
8 1441.72
9 1357.08
10 1316.07
11 1332.52
12 1234.53
13 1311.78
14 1311.06
15 1346.11
16 1243.35
17 1306.06
18 1193.76
19 1153.23
20 1174.93
21 1261.71
22 1284.60
23 1367.09
24 1228.09
25 1304.63
26 1326.56
27 1213.07
28 1185.42
29 1394.75
30 1240.02
31 1258.61
32 1294.14
33 1266.96
34 1207.35
35 1283.41
36 1268.15
37 1291.04
38 1997.23
39 1346.59
40 1204.73
41 1320.60
42 1327.04
43 1295.80
44 1294.37
45 1307.96
46 1285.31
47 1236.68
48 1265.76
49 1268.63
50 1172.07
51 1494.41
52 1605.27
53 1241.68
54 1580.48
55 1284.60
56 1300.57
57 1338.01
58 1430.27
59 1406.19
60 1269.10
61 1361.85
62 1385.93
63 1260.76
64 1280.07
65 1265.29
66 1261.47
67 1374.72
68 1216.89
69 1245.26
70 1180.17
71 1147.75
72 1137.73
73 1961.95
74 1475.81
75 1273.63
76 1235.01
77 1344.44
78 1168.01
79 1240.97
80 1438.86
81 1182.32
82 1317.98
83 1298.19
84 1244.54
85 2037.29
86 1304.15
87 1410.48
88 1230.96
89 1269.82
90 1268.86
91 1258.37
92 1220.23
93 1347.06
94 1311.78
95 1428.37
96 1387.83
97 1362.80
98 1324.18
99 1272.20
100 1348.97
101 1337.77
102 1373.53
103 1156.81
104 2010.11
105 1949.31
106 2049.68
107 1537.80
108 1587.63
109 1320.12
110 1215.22
111 1239.54
112 1231.43
113 1271.01
114 1193.76
115 1214.27
116 1336.81
117 1255.04
118 1230.00
119 1224.04
120 1275.30
121 1283.41
122 1298.19
123 1315.59
124 1311.78
125 1178.74
126 1283.65
127 1178.26
128 1183.75
129 1252.17
130 1217.13
131 1315.12
132 1245.02
133 1268.86
134 1309.63
135 1272.20
136 1262.19
137 1216.17
138 1253.13
139 1167.77
140 1243.35
141 1278.64
142 1243.35
143 1257.18
144 1189.23
145 1310.35
146 1252.41
147 1244.31
148 1358.03
149 1226.66
150 1297.24
151 1266.72
152 1310.35
153 1377.82
154 1329.18
155 1367.33
156 1220.23
157 1213.55
158 1150.85
159 1174.93
160 1167.54
161 1184.70
162 1224.04
163 1201.87
164 1246.69
165 1164.67
166 1297.47
167 1296.28
168 1267.43
169 1268.15
170 1223.56
171 1237.15
172 1267.91
173 1263.38
174 1198.29
175 1185.89
176 1200.44
177 1284.60
178 1320.84
179 1296.04
180 1188.04
181 1338.48
182 1350.88
183 1276.97
184 1280.55
185 1165.15
186 2058.03
187 1201.87
188 1223.56
189 1262.43
190 1172.30
191 1181.60
192 1133.20
193 1453.64
194 1404.29
195 1284.60
196 1163.01
197 1335.86
198 1277.21
199 1257.42
200 1350.40
201 1223.80
202 1260.28
203 1217.60
204 1181.13
205 1224.52
206 1173.26
207 1278.40
208 1314.16
209 1807.21
210 1336.10
211 1279.35
212 1374.72
213 1352.31
214 1283.41
215 1229.76
216 1345.87
217 1312.02
218 1422.41
219 1621.48
220 1179.46
221 1193.28
222 1248.12
223 1225.47
224 1304.86
225 1810.07
226 1279.83
227 1437.66
228 1274.59
229 1383.78
230 1182.32
231 1214.50
232 1185.18
233 1170.16
234 1262.90
235 1420.50
236 1199.96
237 1317.98
238 1220.23
239 1227.14
240 1346.59
241 1328.71
242 1306.77
243 1280.78
244 1383.78
245 1865.39
246 1347.78
247 1471.52
248 1235.49
249 1211.64
250 1339.91
251 1456.98
252 1864.43
253 2269.98
254 1278.16
255 2088.79
256 1774.79
257 2173.42
258 1895.19
259 1807.21
260 1641.04
261 1940.25
262 1425.03
263 1482.96
264 1457.69
265 1232.15
266 1209.50
267 1157.52
268 1190.19
269 1183.51
270 1204.25
271 1278.40
272 1333.00
273 1231.43
274 1200.20
275 1169.20
276 1238.35
277 1321.08
278 1317.50
279 1252.65
280 1256.47
281 1230.72
282 1175.88
283 1168.97
284 1328.95
285 1227.14
286 1220.70
287 1192.09
288 1216.41
289 1209.74
290 1281.26
291 1354.93
292 1323.22
293 1290.32
294 1236.44
295 1317.98
296 1266.24
297 1226.19
298 1245.50
299 1211.40
300 1244.54
301 1329.90
302 1255.51
303 1343.25
304 1230.48
305 1238.35
306 1245.50
307 1269.82
308 1340.87
309 1212.84
310 1348.26
311 1306.53
312 1372.81
313 1247.88
314 1196.86
315 1193.28
316 1250.27
317 1340.87
318 1193.28
319 1192.81
320 1268.15
321 1288.89
322 1426.70
323 1240.02
324 1223.33
325 1334.43
326 1345.87
327 1251.70
328 1342.06
329 1312.02
330 1330.38
331 1301.77
332 1309.63
333 1307.25
334 1196.38
335 1212.84
336 1333.95
337 1226.66
338 1224.52
339 1246.45
340 1277.69
341 1299.86
342 1246.45
343 1326.08
344 1238.11
345 1227.14
346 1263.62
347 1236.20
348 1276.73
349 1250.51
350 1288.41
351 1328.23
352 1322.75
353 1185.66
354 1246.45
355 1285.55
356 1249.79
357 1189.47
358 1271.72
359 1219.75
360 1365.90
361 1284.12
362 1280.78
363 1247.88
364 1276.73
365 1979.11
366 1445.77
367 1352.79
368 1253.84
369 1225.71
370 1149.42
371 1270.53
372 1240.49
373 1223.09
374 1545.91
375 1166.11
376 1214.27
377 1945.02
378 1896.14
379 1229.29
380 1316.79
381 1176.12
382 1253.13
383 1192.09
384 1305.10
385 1315.83
386 2009.15
387 1297.24
388 1259.80
389 1579.28
390 1525.88
391 1303.43
392 1302.24
393 1308.44
394 1262.43
395 1358.99
396 1301.77
397 1357.32
398 1209.26
399 1255.27
400 1164.67
401 1297.47
402 1268.15
403 1439.57
404 1258.61
405 1284.12
406 1495.12
407 1312.97
408 1293.66
409 1301.05
410 1332.04
411 1279.59
412 1312.97
413 1346.59
414 1317.26
415 1862.76
416 1186.85
417 1346.83
418 1497.27
419 1353.74
420 1460.79
421 1502.04
422 1662.97
423 1233.34
424 1291.51
425 1292.94
426 1334.19
427 1270.77
428 1182.08
429 1201.39
430 1252.17
431 1268.15
432 1262.19
433 1224.04
434 1185.89
435 1292.94
436 1270.06
437 1334.91
438 1262.90
439 1156.09
440 1192.09
441 1153.71
442 1197.34
443 1220.46
444 1195.43
445 1218.08
446 1232.39
447 1163.24
448 1241.92
449 1240.25
450 1155.85
451 1140.36
452 1261.47
453 1305.10
454 1380.68
455 1239.78
456 1346.59
457 1227.38
458 1241.92
459 1264.33
460 1321.32
461 1302.00
462 1317.74
463 1224.99
464 1162.29
465 1203.78
466 1279.59
467 1204.25
468 1338.24
469 1263.14
470 1224.52
471 1267.19
472 1257.42
473 1256.94
474 1308.44
475 1275.06
476 1197.34
477 1237.87
478 1312.26
479 1272.44
480 1181.36
481 1237.87
482 1265.53
483 1375.20
484 1213.31
485 1190.66
486 1325.85
487 1276.49
488 1300.81
489 1289.37
490 1416.68
491 1256.94
492 1236.44
493 1282.93
494 1329.90
495 1544.95
496 1275.06
497 1283.65
498 1215.46
499 1240.49
500 1233.10
501 1185.18
502 1290.80
503 1372.10
504 1367.33
505 1371.62
506 1321.79
507 1202.58
508 1264.10
509 1257.42
510 1312.49
511 1280.78
512 1265.05
513 1248.84
514 1250.74
515 1255.99
516 1262.19
517 1225.71
518 1327.04
519 1239.54
520 1462.46
521 1325.85
522 1306.30
523 1327.51
524 1190.66
525 1142.26
526 1284.12
527 1199.72
528 1196.38
529 1279.35
530 1155.61
531 1162.29
532 1236.44
533 1256.94
534 1207.83
535 1179.46
536 1197.34
537 1134.16
538 1300.81
539 1413.58
540 2237.80
541 1667.50
542 1438.86
543 1249.55
544 1253.84
545 1304.15
546 1248.60
547 1270.77
548 1227.38
549 1213.55
550 1215.22
551 1190.66
552 1230.00
553 1613.86
554 1451.49
555 1288.18
556 1271.72
557 1300.33
558 1592.40
559 1315.12
560 1186.85
561 1325.37
562 1254.08
563 1229.29
564 1218.56
565 1244.31
566 1208.54
567 1185.89
568 1284.60
569 1299.62
570 1172.30
571 1210.69
572 1181.60
573 1178.50
574 1351.36
575 1242.40
576 1300.57
577 1382.59
578 1251.94
579 1882.08
580 1304.39
581 1864.43
582 1198.29
583 1256.47
584 1257.42
585 1276.49
586 1271.96
587 1295.80
588 1259.09
589 1214.27
590 1195.19
591 1298.67
592 1167.06
593 1149.42
594 1182.32
595 1242.64
596 1240.02
597 1269.58
598 1366.62
599 1263.62
600 1359.46
601 1295.80
602 1235.49
603 1316.79
604 1272.44
605 1251.70
606 1254.56
607 1242.64
608 1204.01
609 1173.97
610 1270.53
611 1305.10
612 1223.80
613 1228.57
614 1209.50
615 1215.70
616 1364.71
617 1265.05
618 1250.27
619 1220.94
620 1350.64
621 1242.16
622 1170.64
623 1284.12
624 1196.15
625 1179.70
626 1224.76
627 1320.36
628 1260.76
629 1255.75
630 1231.43
631 1193.05
632 1213.55
633 1279.83
634 1226.66
635 1302.72
636 1177.31
637 1230.48
638 1253.60
639 1269.58
640 1277.45
641 1173.26
642 1236.44
643 1224.52
644 1329.66
645 1220.23
646 1203.78
647 1270.53
648 1249.55
649 1294.61
650 1166.82
651 1259.33
652 1225.47
653 1252.17
654 1189.47
655 1230.96
656 1349.93
657 1214.74
658 1307.01
659 1332.76
660 1267.91
661 1268.39
662 1378.06
663 1146.32
664 1138.93
665 1151.08
666 1170.64
667 1292.71
668 1152.99
669 1323.70
670 1313.45
671 1367.33
672 1246.93
673 1274.59
674 1275.06
675 1298.19
676 1308.44
677 1323.22
678 1531.36
679 1155.38
680 1219.99
681 1284.12
682 1146.55
683 1261.23
684 1299.62
685 1262.19
686 1274.82
687 1260.04
688 1305.58
689 1270.77
690 1358.51
691 1439.09
692 1206.87
693 1292.94
694 1967.67
695 1885.41
696 1956.70
697 1893.04
698 1374.48
699 1331.09
700 1303.91
701 1196.86
702 1263.86
703 1290.80
704 1287.22
705 1224.28
706 1190.66
707 1402.14
708 1196.62
709 1158.00
710 1631.50
711 1165.15
712 1220.94
713 1238.11
714 1206.64
715 1222.37
716 1203.30
717 1299.38
718 1209.02
719 1169.92
720 1202.82
721 1187.80
722 1300.57
723 1500.61
724 1335.14
725 1654.39
726 1571.66
727 1287.22
728 1368.52
729 1253.60
730 1203.78
731 1298.90
732 1155.38
733 1189.95
734 1155.61
735 1183.27
736 1303.91
737 1140.36
738 1265.76
739 2069.00
740 1931.19
741 2065.66
742 1231.19
743 1227.38
744 1231.43
745 1207.35
746 1171.35
747 1367.09
748 1254.08
749 1318.93
750 1214.50
751 1144.41
752 1208.78
753 1331.81
754 1275.54
755 1297.00
756 1267.67
757 1207.59
758 1221.42
759 1175.88
760 1184.70
761 1232.62
762 1162.05
763 1226.90
764 1297.24
765 1344.44
766 1327.28
767 1254.32
768 1376.15
769 1360.18
770 1274.82
771 1230.00
772 1283.88
773 1147.75
774 1273.16
775 1244.31
776 1170.87
777 1227.62
778 1165.39
779 1298.67
780 1257.66
781 1254.80
782 1331.09
783 1242.16
784 1263.14
785 1258.85
786 1192.81
787 1196.38
788 1182.08
789 1286.98
790 1204.97
791 1192.09
792 1294.37
793 1348.73
794 1287.22
795 1231.43
796 1189.47
797 1208.54
798 1194.95
799 1203.06
800 1252.41
801 1175.40
802 1158.24
803 1377.58
804 1279.35
805 1370.43
806 1206.64
807 1333.00
808 1428.60
809 1302.72
810 1143.69
811 1205.68
812 1227.38
813 1302.72
814 1173.50
815 1181.13
816 1228.81
817 1276.25
818 1160.38
819 1160.38
820 1154.66
821 1346.35
822 1275.78
823 1337.05
824 1255.27
825 1349.21
826 1241.21
827 1414.78
828 1229.76
829 1267.67
830 1233.58
831 1132.01
832 1276.73
833 1270.06
834 1236.68
835 1294.85
836 1274.59
837 1294.61
838 1209.26
839 1243.11
840 1195.91
841 1345.63
842 1294.85
843 1397.13
844 1242.64
845 1172.30
846 1363.52
847 1188.04
848 1331.81
849 1243.59
850 1234.77
851 1216.89
852 1245.74
853 1309.87
854 1263.86
855 1305.34
856 1378.54
857 1247.88
858 1224.99
859 1295.33
860 1175.40
861 1167.30
862 1469.37
863 1322.51
864 1196.62
865 1508.47
866 1227.86
867 1291.28
868 1234.53
869 1370.91
870 1357.79
871 1384.97
872 1257.42
873 1327.28
874 1344.20
875 1225.95
876 1229.52
877 1210.93
878 1213.79
879 1258.61
880 1238.58
881 1335.62
882 1295.57
883 1227.14
884 1203.30
885 1230.96
886 1888.04
887 2038.72
888 1332.28
889 1235.96
890 1365.18
891 1301.29
892 1312.97
893 1297.95
894 1252.65
895 1485.82
896 1234.53
897 1436.71
898 2104.04
899 1243.11
900 1179.22
901 1306.53
902 1286.98
903 1269.10
904 1363.99
905 1224.28
906 1210.45
907 1317.98
908 1221.66
909 1238.35
910 1203.78
911 1168.73
912 1231.43
913 1242.40
914 1298.19
915 1336.10
916 1345.87
917 1358.51
918 1222.37
919 1269.10
920 1183.03
921 1295.33
922 1264.33
923 1297.95
924 1180.65
925 1279.12
926 1209.74
927 1221.42
928 1221.66
929 1184.46
930 1148.22
931 1174.21
932 1181.84
933 1296.28
934 1172.07
935 1412.15
936 1210.69
937 1251.46
938 1333.48
939 1296.52
940 1263.62
941 1215.22
942 1238.82
943 1166.58
944 1188.76
945 1155.85
946 1242.16
947 1295.33
948 1282.69
949 1187.32
950 1217.13
951 1235.72
952 1309.87
953 1212.84
954 1316.07
955 1317.26
956 1351.59
957 1257.42
958 1329.42
959 1235.25
960 1239.54
961 1218.08
962 1329.66
963 1312.97
964 1175.17
965 1204.01
966 1219.27
967 1252.89
968 1210.21
969 1201.15
970 1218.32
971 1226.66
972 1162.05
973 1367.81
974 1344.20
975 1166.82
976 1205.21
977 1229.76
978 1199.01
979 1402.38
980 1245.98
981 1176.60
982 1307.49
983 1283.17
984 1278.16
985 1211.17
986 1262.66
987 1218.56
988 1224.99
989 1293.66
990 1306.53
991 1265.76
992 1245.98
993 1184.70
994 1296.76
995 1351.83
996 1332.76
997 1365.90
998 1165.87
999 1224.28
