100
0 8613.35
1 1932.62
2 1478.67
3 1186.13
4 1191.62
5 1364.23
6 1210.45
7 1322.75
8 1329.42
9 1204.49
10 1314.88
11 1192.81
12 1230.72
13 1277.45
14 1238.35
15 1269.58
16 1253.84
17 1326.56
18 1333.71
19 1674.89
20 1635.55
21 1213.55
22 1673.70
23 1239.54
24 1366.62
25 1248.84
26 1322.51
27 1294.14
28 2109.29
29 2123.59
30 1162.05
31 1188.52
32 1221.42
33 1265.05
34 1293.42
35 1261.00
36 1308.44
37 1221.90
38 2772.81
39 2240.90
40 1999.38
41 2066.14
42 1994.13
43 1891.61
44 1243.83
45 1223.80
46 1252.41
47 1192.09
48 1287.94
49 1193.76
50 2002.24
51 1257.18
52 1297.71
53 1268.86
54 1209.02
55 1258.13
56 1215.70
57 1288.65
58 1295.09
59 1194.48
60 1264.57
61 1250.03
62 1189.71
63 1207.11
64 1244.31
65 1279.59
66 1273.16
67 1258.37
68 1324.18
69 1317.26
70 1281.02
71 1351.12
72 1275.54
73 1301.29
74 1247.64
75 1256.23
76 1205.44
77 1219.27
78 1225.47
79 1341.10
80 1210.21
81 1282.45
82 1333.48
83 1217.60
84 1288.89
85 1218.08
86 1226.19
87 1161.34
88 1183.03
89 1165.87
90 1229.52
91 1180.17
92 1257.18
93 1375.68
94 1118.42
95 1224.28
96 1360.89
97 1281.26
98 1165.63
99 1219.51
