100
0 7057.43
1 2000.09
2 3664.49
3 8188.25
4 1830.10
5 1671.55
6 1652.96
7 1706.12
8 2311.23
9 2439.50
10 2310.04
11 2475.26
12 2481.70
13 2485.28
14 2437.59
15 2489.57
16 2471.21
17 1705.65
18 5657.67
19 1801.73
20 1926.18
21 2390.62
22 2505.54
23 2553.94
24 2564.43
25 2526.28
26 2544.16
27 2443.55
28 2543.69
29 2584.70
30 2391.10
31 2531.05
32 2475.02
33 1990.80
34 2117.63
35 1633.17
36 2073.76
37 2400.88
38 2355.58
39 2441.41
40 2467.16
41 2526.52
42 2443.08
43 2428.53
44 2531.29
45 2481.70
46 2491.95
47 2413.27
48 2634.76
49 1831.05
50 1720.91
51 1708.98
52 1870.63
53 1977.21
54 2331.50
55 2456.67
56 2460.00
57 2487.42
58 2492.67
59 2483.13
60 2454.04
61 2467.63
62 2424.96
63 2425.19
64 1919.98
65 1892.09
66 1681.57
67 2413.75
68 2367.97
69 2326.73
70 2338.89
71 2250.43
72 2301.69
73 2331.50
74 2389.91
75 2400.64
76 2394.68
77 2396.82
78 2394.68
79 2402.78
80 1833.44
81 2069.47
82 1766.92
83 2619.27
84 2545.60
85 2519.13
86 2548.22
87 2412.80
88 2534.63
89 2642.63
90 2584.46
91 2542.97
92 2548.46
93 2513.89
94 2432.35
95 1795.29
96 1897.81
97 1881.84
98 1748.80
99 2530.34
