100
0 44826.03
1 7521.15
2 6840.47
3 12427.33
4 13334.51
5 15743.02
6 14809.13
7 13027.67
8 13583.66
9 15329.60
10 15882.25
11 7919.31
12 18072.61
13 13131.38
14 14344.69
15 14733.79
16 15362.26
17 13927.46
18 13959.88
19 17003.30
20 13527.39
21 13298.27
22 13898.13
23 13883.35
24 12960.91
25 14160.63
26 14036.89
27 13723.13
28 14090.54
29 14071.46
30 12998.10
31 14021.87
32 12936.59
33 13880.49
34 13765.10
35 13673.54
36 12897.97
37 14060.26
38 14053.58
39 14053.58
40 13024.81
41 13577.94
42 18344.88
43 13442.52
44 15150.55
45 18047.09
46 14662.74
47 13391.73
48 19675.02
49 14377.59
50 13753.41
51 15735.39
52 20642.04
53 14004.47
54 15493.15
55 18462.18
56 13555.05
57 13966.56
58 14094.83
59 14130.35
60 13798.48
61 14072.66
62 14549.97
63 13289.21
64 17560.48
65 18692.97
66 14116.05
67 19173.86
68 13779.64
69 12819.53
70 13499.26
71 14629.60
72 13964.41
73 14171.60
74 13888.60
75 13696.43
76 14543.29
77 15594.24
78 14430.52
79 14081.24
80 16522.17
81 19767.05
82 15311.24
83 13042.69
84 14162.30
85 9537.70
86 13883.83
87 13983.96
88 14006.85
89 14033.79
90 13899.33
91 14437.91
92 14532.80
93 13595.58
94 13651.61
95 14018.30
96 13913.15
97 13969.18
98 14001.61
99 13880.25
