1000
0 37361.62
1 4652.02
2 6937.50
3 7473.71
4 9087.32
5 13806.58
6 13168.33
7 12893.68
8 14126.30
9 13423.20
10 12699.60
11 13415.58
12 17436.98
13 12563.71
14 13987.78
15 10732.89
16 4289.87
17 13382.67
18 15372.04
19 15836.95
20 13274.67
21 14948.37
22 15672.21
23 14252.19
24 14762.64
25 14448.64
26 13605.36
27 15676.74
28 11575.22
29 13684.75
30 13967.51
31 13867.62
32 16229.63
33 13393.40
34 18451.69
35 14134.65
36 13776.78
37 14379.26
38 17750.26
39 16067.50
40 15425.92
41 14219.52
42 14091.97
43 14143.23
44 14200.21
45 12954.00
46 13472.32
47 14496.09
48 13623.48
49 14648.91
50 13586.28
51 14272.45
52 13939.14
53 13939.38
54 13901.00
55 14140.37
56 13921.26
57 14072.66
58 13751.75
59 13578.18
60 14015.67
61 13300.90
62 12867.69
63 16639.23
64 16277.31
65 13636.83
66 16146.42
67 19906.76
68 15240.43
69 12975.93
70 13805.39
71 13860.23
72 12277.13
73 9637.36
74 14201.88
75 12865.78
76 16290.90
77 14416.93
78 15619.99
79 14084.82
80 14017.82
81 14068.60
82 14456.03
83 13906.72
84 14004.23
85 13861.42
86 13920.55
87 13862.13
88 14010.67
89 13914.82
90 14086.25
91 14216.90
92 13833.52
93 14104.37
94 14432.43
95 13878.11
96 13934.14
97 14120.82
98 13720.99
99 13932.23
100 14007.81
101 13858.56
102 13989.45
103 14359.95
104 13699.29
105 13698.10
106 14041.42
107 13807.54
108 13909.82
109 17437.93
110 13536.45
111 13804.44
112 13682.60
113 14238.12
114 13223.17
115 15301.94
116 14125.82
117 14067.41
118 13958.93
119 16616.11
120 17278.43
121 12909.89
122 14591.46
123 13848.07
124 13958.93
125 13972.76
126 13687.13
127 13987.54
128 13934.61
129 14083.62
130 13837.81
131 13946.77
132 14040.95
133 14089.11
134 13967.04
135 13925.31
136 13641.12
137 12920.14
138 12812.38
139 13746.26
140 14095.54
141 13289.93
142 13910.53
143 13590.34
144 13833.76
145 13901.47
146 13942.00
147 13238.43
148 13910.06
149 13914.35
150 14374.02
151 15967.37
152 13886.21
153 13759.14
154 13602.73
155 13869.05
156 15506.98
157 14495.13
158 17604.35
159 15760.90
160 14281.27
161 14017.82
162 13766.05
163 13926.98
164 13932.47
165 13999.22
166 13676.40
167 13594.39
168 14156.34
169 16974.45
170 13161.18
171 16434.43
172 16256.57
173 14308.93
174 19462.59
175 14600.75
176 12830.73
177 13729.10
178 14724.02
179 13941.05
180 14086.01
181 15395.88
182 13888.12
183 13949.63
184 13997.79
185 13733.86
186 14236.93
187 13912.68
188 13396.02
189 13639.93
190 13348.34
191 13922.45
192 13850.45
193 14397.14
194 13771.77
195 13621.33
196 13684.27
197 13527.63
198 14789.10
199 13474.46
200 13447.05
201 14194.49
202 17048.60
203 14194.73
204 16702.18
205 16275.17
206 12565.85
207 16560.32
208 18730.40
209 12852.43
210 15147.92
211 19490.24
212 14170.89
213 14007.33
214 14671.56
215 13284.68
216 13516.43
217 13278.25
218 13724.80
219 12954.95
220 13857.60
221 13581.75
222 13846.64
223 13769.63
224 12764.69
225 13901.00
226 12803.79
227 13922.45
228 13505.70
229 13573.17
230 14011.86
231 13739.11
232 14029.50
233 13659.95
234 13536.21
235 13754.37
236 13872.15
237 19478.80
238 13609.17
239 13354.78
240 15115.74
241 14011.86
242 12874.60
243 13652.80
244 13775.83
245 13476.13
246 13962.98
247 14019.01
248 13402.70
249 13710.50
250 14026.88
251 13559.34
252 13635.64
253 13725.76
254 18712.52
255 12859.34
256 16362.19
257 18147.23
258 16299.49
259 13453.96
260 19373.42
261 17129.18
262 14284.13
263 14795.78
264 15243.05
265 14956.71
266 15283.11
267 18196.82
268 14178.04
269 13586.28
270 13771.06
271 13700.01
272 13445.38
273 13579.61
274 13817.31
275 13494.49
276 13617.04
277 13979.91
278 13901.47
279 13960.36
280 14065.03
281 14125.35
282 13377.19
283 13132.10
284 15425.21
285 13409.61
286 13675.93
287 16156.67
288 12807.13
289 16006.23
290 18715.38
291 16129.26
292 13153.79
293 14987.95
294 15734.20
295 14218.81
296 15163.90
297 13923.41
298 12470.01
299 14224.05
300 19227.03
301 12618.78
302 14977.93
303 17716.65
304 17261.51
305 13418.44
306 14804.12
307 11019.23
308 13859.27
309 13538.84
310 14001.85
311 13927.94
312 13570.55
313 16286.13
314 13551.00
315 14498.71
316 17628.43
317 14540.20
318 13597.25
319 18243.07
320 13726.00
321 13835.19
322 13700.72
323 13611.56
324 14003.99
325 13396.26
326 13691.90
327 14132.26
328 14047.38
329 14086.25
330 13422.25
331 13604.40
332 13419.39
333 13877.87
334 13486.62
335 13886.45
336 13597.97
337 13864.99
338 13581.28
339 13673.54
340 13724.80
341 14178.75
342 11483.43
343 13720.27
344 13184.31
345 13893.60
346 13667.58
347 13926.27
348 13813.73
349 13660.91
350 13720.99
351 13538.36
352 13691.19
353 13738.16
354 12769.94
355 13972.52
356 13722.90
357 13567.69
358 13954.88
359 13912.20
360 12817.38
361 6480.22
362 9059.67
363 15041.59
364 13739.11
365 21690.13
366 13502.84
367 13640.64
368 14127.02
369 12674.57
370 14508.01
371 14181.14
372 13000.25
373 12829.30
374 4817.96
375 19035.58
376 5486.49
377 19374.61
378 5548.72
379 4210.23
380 4366.64
381 5660.30
382 4076.48
383 5388.02
384 18415.93
385 15007.26
386 12089.01
387 15836.95
388 15182.26
389 14058.11
390 13121.37
391 14680.86
392 5407.81
393 4371.88
394 6493.81
395 4322.77
396 6237.03
397 7916.93
398 13564.11
399 12676.95
400 12914.66
401 13023.38
402 12735.13
403 13101.82
404 13227.94
405 13586.04
406 13139.72
407 13442.52
408 12794.26
409 13501.41
410 13928.89
411 13556.48
412 12755.63
413 13594.39
414 13607.26
415 13536.69
416 12872.93
417 13325.93
418 13677.12
419 13608.69
420 17843.48
421 14596.22
422 15079.50
423 15583.28
424 15650.03
425 14204.98
426 13433.69
427 18441.44
428 13248.68
429 15087.60
430 17473.22
431 13304.71
432 12652.64
433 15773.77
434 13286.11
435 13988.73
436 14357.33
437 13806.10
438 12825.01
439 16074.42
440 12864.11
441 13877.87
442 12445.45
443 14063.84
444 14009.95
445 13384.34
446 16201.26
447 15517.71
448 14629.84
449 16397.48
450 18415.93
451 13392.69
452 15413.28
453 19364.12
454 16116.38
455 12645.96
456 15941.62
457 14306.07
458 14036.89
459 14311.31
460 14257.91
461 15568.26
462 14009.95
463 14259.34
464 14695.17
465 15802.15
466 19041.30
467 16393.18
468 13477.80
469 17883.78
470 14025.45
471 13478.99
472 13659.72
473 17635.35
474 12940.65
475 14448.64
476 14200.93
477 13674.97
478 13587.24
479 16252.99
480 15177.01
481 12671.95
482 13761.76
483 14604.81
484 12734.89
485 16079.43
486 15799.52
487 12929.92
488 15259.27
489 14553.55
490 14130.35
491 13256.55
492 14156.58
493 15103.10
494 13200.76
495 14069.56
496 13796.81
497 13878.58
498 13962.51
499 13963.22
500 14221.19
501 13782.98
502 18235.21
503 14214.28
504 14144.90
505 13599.87
506 13412.48
507 13506.65
508 16201.73
509 18496.27
510 14207.12
511 13925.08
512 13390.30
513 13730.29
514 13532.40
515 13930.80
516 12725.83
517 13267.76
518 13754.84
519 13869.29
520 13209.34
521 13764.14
522 13827.32
523 14313.94
524 14063.12
525 14035.46
526 14744.52
527 13918.88
528 14220.24
529 13879.06
530 14101.51
531 14286.76
532 19443.04
533 14127.49
534 18475.29
535 13442.99
536 13762.24
537 13610.36
538 15538.22
539 16989.95
540 13606.79
541 15005.83
542 14844.18
543 15708.92
544 16121.15
545 17521.14
546 14338.49
547 20519.50
548 15126.71
549 14090.78
550 13878.11
551 13582.71
552 13717.41
553 13478.28
554 13718.13
555 13394.36
556 13528.82
557 13836.62
558 13917.21
559 13873.58
560 13703.58
561 13820.17
562 13946.77
563 13929.13
564 13855.70
565 13535.98
566 13909.10
567 13940.57
568 13785.12
569 14209.75
570 13863.80
571 13670.92
572 9406.09
573 13508.08
574 13401.75
575 13823.27
576 13476.13
577 13858.56
578 13783.69
579 13700.49
580 13829.71
581 13662.10
582 14240.50
583 14404.30
584 14512.30
585 14404.54
586 16521.22
587 13595.10
588 14453.89
589 13738.87
590 13643.26
591 13581.75
592 13798.24
593 17574.31
594 14889.00
595 15475.75
596 12494.80
597 16969.92
598 15210.39
599 15336.99
600 17021.89
601 14788.63
602 13909.82
603 16876.46
604 14864.92
605 16424.18
606 16753.91
607 18792.15
608 16984.46
609 27314.42
610 12063.26
611 12073.52
612 9610.41
613 17556.67
614 12866.74
615 3888.13
616 12427.81
617 13807.30
618 14393.09
619 13758.18
620 12808.32
621 13816.60
622 13561.73
623 13947.25
624 13915.78
625 14334.92
626 13642.07
627 13817.79
628 14379.98
629 13582.23
630 13894.08
631 13792.51
632 13360.26
633 13657.81
634 13879.06
635 12618.54
636 13646.84
637 14545.20
638 13459.21
639 13887.41
640 13523.82
641 13529.06
642 13882.16
643 13780.36
644 13496.88
645 13774.16
646 13519.29
647 13869.76
648 13871.67
649 14049.53
650 15589.95
651 13179.06
652 15607.83
653 14016.15
654 13824.70
655 14070.03
656 13717.41
657 13840.20
658 14153.24
659 12406.83
660 14038.32
661 13705.25
662 18886.57
663 13384.34
664 13026.24
665 14646.53
666 17912.63
667 13711.45
668 13391.73
669 13452.05
670 13416.29
671 13533.35
672 13091.09
673 13838.77
674 14137.98
675 13773.44
676 13814.45
677 13857.84
678 13701.92
679 13954.64
680 13771.77
681 13774.63
682 13823.51
683 14119.86
684 13708.35
685 13505.46
686 13973.95
687 13968.71
688 13757.23
689 13921.50
690 13687.61
691 13489.25
692 15461.21
693 17660.62
694 13555.29
695 13943.67
696 13928.65
697 14105.32
698 13901.47
699 18017.53
700 14117.96
701 14697.55
702 17796.28
703 16408.44
704 12849.81
705 13712.64
706 13847.59
707 13573.41
708 13992.55
709 13594.87
710 13536.69
711 14445.07
712 13424.16
713 13783.22
714 13825.65
715 22340.54
716 15148.88
717 13120.65
718 14149.90
719 16648.05
720 13751.03
721 13763.67
722 19489.05
723 12989.28
724 13625.38
725 13822.32
726 13831.14
727 13492.58
728 13616.56
729 13745.78
730 13601.06
731 17136.57
732 18438.58
733 13043.88
734 13763.43
735 13515.95
736 13945.34
737 13533.12
738 15831.71
739 13853.07
740 13956.07
741 13813.02
742 13960.36
743 13438.70
744 13759.61
745 13835.67
746 13520.72
747 13359.31
748 127106.19
749 4104.14
750 12648.58
751 15135.77
752 13809.68
753 13419.63
754 13059.85
755 13450.38
756 14198.54
757 13432.26
758 13505.22
759 13693.33
760 13236.52
761 13509.75
762 13530.02
763 13106.82
764 13682.60
765 13716.22
766 13988.73
767 13737.20
768 13515.23
769 13927.70
770 13715.27
771 13739.11
772 13852.83
773 14007.57
774 14354.23
775 13498.31
776 12640.48
777 13694.76
778 13772.01
779 13870.48
780 13521.43
781 14980.55
782 12141.70
783 12445.45
784 14714.72
785 14926.91
786 13757.94
787 16364.57
788 17419.58
789 12744.67
790 17755.51
791 14697.07
792 13275.15
793 14323.00
794 17745.97
795 14808.42
796 12621.64
797 13640.64
798 17293.21
799 12607.57
800 13251.78
801 15112.40
802 15289.31
803 13216.73
804 19324.78
805 14682.77
806 13341.67
807 15360.36
808 17116.55
809 13839.72
810 13820.65
811 14040.95
812 13944.63
813 16661.88
814 13880.49
815 14001.13
816 13744.83
817 13653.52
818 13736.25
819 13511.66
820 17009.97
821 15508.41
822 12650.97
823 16340.73
824 18362.28
825 20520.93
826 16229.39
827 14969.59
828 4476.55
829 12876.03
830 13715.27
831 13771.77
832 18445.97
833 19268.51
834 12642.86
835 12748.24
836 13683.08
837 13777.26
838 13528.35
839 13781.07
840 13374.09
841 13901.00
842 12747.29
843 13320.21
844 13527.39
845 17445.80
846 13904.81
847 13194.08
848 14213.32
849 13220.31
850 18287.90
851 14042.62
852 13842.34
853 13643.26
854 13715.27
855 13223.41
856 13412.95
857 13477.56
858 13848.30
859 16363.62
860 13536.45
861 14152.05
862 12712.48
863 13561.01
864 14000.89
865 13449.67
866 13496.88
867 13719.56
868 12691.50
869 13593.91
870 13974.19
871 13613.46
872 13551.71
873 13977.53
874 13673.54
875 13415.10
876 13766.53
877 13513.33
878 13752.22
879 13842.82
880 14512.78
881 13773.68
882 13433.69
883 13710.74
884 13926.98
885 16673.09
886 18978.36
887 12937.07
888 13428.45
889 13904.81
890 13911.49
891 13218.16
892 13761.76
893 13577.22
894 12740.85
895 13781.55
896 13821.36
897 13795.38
898 13825.89
899 13419.39
900 13844.25
901 13340.71
902 13514.76
903 13662.34
904 13509.04
905 13931.27
906 12761.12
907 12722.49
908 13593.67
909 13811.59
910 13570.31
911 13464.69
912 13514.76
913 13790.85
914 13421.30
915 13829.95
916 14331.58
917 14623.88
918 14118.19
919 13656.62
920 12844.32
921 13158.56
922 13954.64
923 14004.23
924 12947.56
925 17210.48
926 14735.46
927 13638.73
928 13715.27
929 13794.90
930 12723.68
931 13785.84
932 13703.58
933 13126.61
934 13671.88
935 15757.56
936 13938.67
937 15256.88
938 14899.97
939 13925.79
940 13165.95
941 13871.43
942 13955.59
943 13702.63
944 13472.56
945 13673.31
946 12985.23
947 13629.67
948 13840.91
949 13516.19
950 13836.15
951 13669.49
952 13492.35
953 13369.80
954 14235.73
955 13794.42
956 13960.36
957 15538.45
958 16218.66
959 14164.45
960 12968.54
961 15424.49
962 13950.35
963 13573.65
964 13848.54
965 13689.04
966 13030.53
967 16463.52
968 14559.75
969 14337.30
970 18738.51
971 14033.56
972 14157.30
973 13620.38
974 13802.53
975 13862.37
976 15323.88
977 12897.49
978 13878.11
979 14240.98
980 19474.03
981 13704.06
982 15469.79
983 15242.34
984 18691.54
985 13415.10
986 13435.36
987 16970.16
988 13691.90
989 13829.47
990 14097.21
991 14415.74
992 13546.71
993 13545.75
994 13372.90
995 13813.02
996 13751.27
997 13363.36
998 14519.45
999 13180.73
