100
0 14575.48
1 1902.34
2 2050.64
3 1683.95
4 1505.61
5 2186.54
6 2151.49
7 2073.53
8 2042.06
9 1961.95
10 2063.75
11 2132.89
12 2022.03
13 2102.85
14 2212.52
15 2195.60
16 2051.35
17 2072.10
18 2020.36
19 1945.26
20 1994.13
21 1966.48
22 2042.29
23 1939.77
24 1474.62
25 1271.25
26 1945.50
27 2161.98
28 2137.66
29 2156.02
30 2074.72
31 2106.67
32 2111.67
33 1982.69
34 1237.63
35 2036.81
36 2045.87
37 2048.02
38 1826.29
39 1822.47
40 1833.20
41 1917.60
42 1881.84
43 1894.71
44 2043.49
45 2085.45
46 1882.31
47 1825.57
48 1887.08
49 1882.79
50 1878.26
51 1886.61
52 1889.23
53 2034.66
54 1985.07
55 2076.15
56 2007.48
57 2022.03
58 1928.81
59 1828.91
60 2325.30
61 1914.02
62 1995.33
63 1978.64
64 1287.70
65 2006.29
66 1994.37
67 1983.40
68 1998.90
69 2017.50
70 1963.38
71 1978.40
72 1898.77
73 2023.70
74 1960.04
75 1997.47
76 1990.80
77 1982.93
78 2076.86
79 2041.10
80 2045.87
81 2044.68
82 1983.88
83 1990.32
84 1969.81
85 2003.43
86 1914.02
87 2043.25
88 2051.59
89 2044.44
90 1301.29
91 2077.58
92 2088.07
93 2013.44
94 1940.01
95 1945.50
96 1971.01
97 1938.82
98 1939.54
99 1589.54
