1000
0 8201.12
1 3569.13
2 1878.26
3 2061.37
4 2092.12
5 2055.17
6 2082.35
7 2056.60
8 2038.48
9 2027.27
10 2070.67
11 2021.31
12 2062.08
13 2043.96
14 2048.73
15 1938.10
16 1881.36
17 1880.17
18 1881.36
19 1906.39
20 2030.13
21 2085.21
22 2017.97
23 2065.66
24 2042.77
25 2092.36
26 2077.34
27 2066.14
28 2055.64
29 2006.53
30 2013.44
31 2042.77
32 2024.89
33 2111.20
34 2089.26
35 2049.92
36 2018.93
37 2030.37
38 1992.70
39 1885.65
40 1834.15
41 1856.57
42 1877.07
43 1882.79
44 1952.65
45 1957.42
46 1940.01
47 1945.97
48 1930.95
49 1916.65
50 1780.27
51 1909.26
52 1896.14
53 1888.28
54 1999.38
55 1367.33
56 1983.88
57 2021.55
58 2038.72
59 2107.14
60 2031.09
61 2081.63
62 2040.39
63 2038.72
64 2046.82
65 1997.23
66 2035.86
67 2064.70
68 1884.46
69 1939.06
70 1905.68
71 1400.23
72 1942.63
73 1994.85
74 1971.72
75 1954.32
76 1965.05
77 1972.68
78 2024.89
79 2036.09
80 2014.16
81 2076.63
82 2043.96
83 2184.63
84 2137.18
85 2138.38
86 2024.17
87 2184.87
88 2120.26
89 2063.99
90 2078.06
91 2015.11
92 2007.96
93 1968.86
94 1971.24
95 2016.78
96 1992.23
97 1963.85
98 1978.87
99 1990.32
100 1981.02
101 2018.21
102 2002.72
103 2022.74
104 2125.26
105 2112.87
106 2009.39
107 2020.60
108 2020.60
109 2027.75
110 2096.18
111 2104.04
112 2143.62
113 1299.38
114 2085.69
115 2005.10
116 2105.00
117 2178.91
118 2086.88
119 2083.06
120 2115.49
121 2106.43
122 2083.54
123 2076.15
124 2108.57
125 2067.09
126 2103.09
127 2134.08
128 2125.98
129 2113.58
130 2124.55
131 2123.12
132 2098.56
133 2140.52
134 2080.44
135 2145.29
136 2139.81
137 1470.57
138 2174.38
139 2188.68
140 2142.67
141 2142.19
142 2098.80
143 2106.90
144 2099.28
145 2097.61
146 2187.25
147 2268.31
148 2079.96
149 1833.68
150 2012.73
151 2046.59
152 2028.23
153 2075.91
154 2044.92
155 2056.60
156 1360.42
157 2000.81
158 1977.44
159 2043.72
160 2015.83
161 2007.48
162 2019.88
163 1987.70
164 1966.71
165 1977.68
166 1956.22
167 1952.17
168 1218.80
169 1962.18
170 2032.76
171 1930.95
172 2024.65
173 2008.68
174 2031.80
175 2007.72
176 1991.03
177 1976.73
178 2023.70
179 1966.71
180 1626.49
181 1990.08
182 1243.35
183 2028.94
184 2025.37
185 1891.37
186 1919.75
187 1911.64
188 1921.42
189 1800.54
190 1846.31
191 1858.95
192 1911.88
193 1848.46
194 1850.37
195 1984.12
196 1869.92
197 1876.59
198 2288.58
199 1848.22
200 1887.08
201 1922.61
202 1882.31
203 2305.98
204 1845.84
205 1899.72
206 1954.32
207 2000.81
208 2040.62
209 1882.31
210 1859.90
211 1875.88
212 1861.57
213 1875.40
214 1697.54
215 1848.94
216 1864.19
217 1862.05
218 1948.36
219 1860.62
220 1875.40
221 1938.82
222 1849.41
223 1886.13
224 1865.63
225 1915.22
226 1870.16
227 1891.85
228 2029.66
229 1926.18
230 1897.81
231 2110.72
232 1954.32
233 1966.00
234 2023.94
235 1930.71
236 1956.46
237 1948.36
238 1964.57
239 2008.91
240 1969.10
241 1910.45
242 2014.64
243 1955.03
244 2001.76
245 1991.27
246 1940.97
247 1935.48
248 1996.28
249 1930.71
250 1930.24
251 2137.42
252 1928.81
253 1946.69
254 1977.68
255 1921.42
256 1911.16
257 1951.22
258 1898.53
259 1893.04
260 1885.41
261 1929.52
262 1930.95
263 1936.20
264 1931.43
265 1970.05
266 2002.00
267 1959.32
268 1978.64
269 1940.01
270 1932.62
271 1942.87
272 1932.86
273 1932.38
274 1967.19
275 1957.65
276 1893.52
277 1962.90
278 1959.09
279 1494.17
280 1982.69
281 2124.07
282 1808.17
283 1819.37
284 1318.45
285 1213.55
286 1312.49
287 1340.15
288 1240.02
289 1215.70
290 1245.02
291 1218.32
292 1249.31
293 1226.19
294 1798.15
295 1770.02
296 1775.98
297 1788.14
298 1804.11
299 1738.79
300 1739.98
301 2088.55
302 1392.60
303 1469.37
304 1441.96
305 1260.76
306 1355.89
307 2065.42
308 1932.62
309 1894.24
310 1919.75
311 2062.80
312 2038.72
313 2100.71
314 2023.46
315 2070.67
316 2101.18
317 2052.55
318 2053.98
319 2054.21
320 2086.16
321 1417.16
322 2245.43
323 2093.55
324 2037.29
325 2038.48
326 2048.97
327 2005.34
328 2040.86
329 2051.35
330 2086.40
331 2086.88
332 2118.83
333 2099.28
334 2154.59
335 2113.34
336 2089.98
337 2090.93
338 2076.86
339 2078.29
340 2082.59
341 2095.22
342 2110.96
343 2096.41
344 2161.03
345 2080.92
346 2097.37
347 2066.61
348 2074.24
349 2032.28
350 2027.03
351 2088.79
352 2095.70
353 1473.90
354 2025.37
355 2072.81
356 2063.04
357 2123.12
358 2113.10
359 2028.94
360 2024.89
361 2071.62
362 2025.60
363 2039.67
364 2045.87
365 2066.61
366 2040.15
367 1983.64
368 2058.03
369 2040.15
370 2005.34
371 1200.68
372 2016.54
373 2030.13
374 1833.92
375 1883.27
376 1801.97
377 1900.43
378 2414.94
379 1864.19
380 2180.34
381 1849.89
382 1887.80
383 1809.36
384 1728.77
385 2023.46
386 2029.66
387 2017.02
388 2024.89
389 2040.39
390 2065.66
391 1970.53
392 1479.15
393 1914.50
394 1943.83
395 1869.44
396 1899.24
397 1935.01
398 1880.17
399 1837.25
400 2009.87
401 1943.35
402 2064.94
403 2008.68
404 2002.24
405 2013.68
406 2002.24
407 1989.36
408 1971.24
409 1997.95
410 1982.69
411 2006.53
412 1915.69
413 1941.44
414 1998.66
415 1934.05
416 1859.66
417 2100.94
418 1317.98
419 1881.12
420 1872.78
421 1842.74
422 1795.29
423 1852.51
424 1901.87
425 1926.66
426 1901.15
427 1916.41
428 1855.37
429 1888.75
430 1549.48
431 1869.68
432 1872.06
433 1890.90
434 1848.46
435 1914.74
436 1905.44
437 1909.49
438 1905.68
439 1883.98
440 1876.59
441 1880.88
442 1847.27
443 1868.25
444 1854.18
445 1886.13
446 1853.94
447 1859.66
448 1852.27
449 1897.10
450 1846.31
451 1850.37
452 1823.43
453 1995.56
454 1902.82
455 1982.21
456 1998.19
457 2012.01
458 1969.34
459 2039.91
460 2014.64
461 2020.12
462 1875.64
463 1989.84
464 1987.70
465 2033.00
466 1916.41
467 1933.34
468 1995.56
469 1929.04
470 2047.54
471 1962.18
472 2005.82
473 1997.71
474 1977.21
475 1970.05
476 1976.73
477 1973.15
478 2019.64
479 1955.75
480 1971.24
481 2040.39
482 2057.55
483 2039.67
484 2144.81
485 1971.48
486 1952.65
487 1955.03
488 2006.05
489 1965.05
490 1958.13
491 1983.40
492 1974.34
493 1903.53
494 1965.05
495 1960.04
496 1981.26
497 1958.13
498 2017.02
499 1945.02
500 2152.44
501 2019.64
502 1408.82
503 2040.86
504 2131.46
505 2101.66
506 2165.79
507 2154.11
508 2061.13
509 2145.05
510 2127.89
511 2081.39
512 2050.88
513 1351.12
514 2055.88
515 2057.55
516 2085.69
517 2076.15
518 2074.24
519 1255.75
520 1990.32
521 1944.07
522 1919.27
523 1940.49
524 1388.55
525 1906.16
526 1939.06
527 1954.32
528 2001.52
529 1911.64
530 1944.78
531 1993.89
532 1924.99
533 1955.03
534 1913.31
535 1962.42
536 1892.81
537 1886.37
538 2016.54
539 1361.61
540 2078.53
541 1919.51
542 1995.56
543 2104.28
544 2014.64
545 2053.98
546 2028.23
547 2070.67
548 2119.06
549 1998.19
550 2091.17
551 1975.30
552 1885.18
553 1902.82
554 1903.77
555 1350.88
556 1935.72
557 1965.52
558 1956.94
559 1963.38
560 2012.97
561 1973.87
562 1964.81
563 1970.29
564 1961.95
565 2197.74
566 2125.02
567 2172.23
568 2043.25
569 2043.49
570 2152.44
571 1981.74
572 2089.98
573 2065.42
574 2081.63
575 2094.75
576 2088.31
577 2044.44
578 2063.99
579 2020.12
580 1862.29
581 1986.27
582 1936.91
583 2015.59
584 1985.79
585 1989.36
586 1348.97
587 1990.80
588 2022.50
589 2036.57
590 2036.57
591 2071.14
592 1732.35
593 2055.17
594 2063.27
595 2090.22
596 2151.73
597 2074.96
598 2074.96
599 2062.56
600 2096.41
601 2111.91
602 2069.47
603 2050.88
604 2021.31
605 2010.58
606 2030.37
607 2015.35
608 2019.88
609 2041.10
610 2075.43
611 2071.38
612 2051.12
613 2061.61
614 1878.74
615 1868.72
616 1866.82
617 1939.06
618 1936.20
619 1303.91
620 1876.59
621 1803.64
622 1867.53
623 1877.78
624 1865.63
625 1938.34
626 1863.24
627 2025.37
628 1922.37
629 1749.99
630 1935.24
631 1925.47
632 1958.13
633 1441.24
634 1949.31
635 1949.55
636 1924.99
637 1883.03
638 1892.81
639 1892.09
640 1908.30
641 2173.66
642 1923.32
643 1943.59
644 1879.69
645 1944.07
646 1924.04
647 1917.60
648 1939.30
649 1885.65
650 1990.56
651 1977.68
652 1951.69
653 1961.71
654 2045.15
655 2088.31
656 2020.84
657 1918.32
658 1909.97
659 1938.82
660 1986.74
661 2034.19
662 2037.53
663 2067.09
664 1905.68
665 1999.62
666 1834.63
667 2014.16
668 1981.97
669 2032.76
670 1971.01
671 1919.51
672 2029.66
673 1996.28
674 2080.68
675 2165.32
676 2071.14
677 2024.41
678 2079.73
679 2076.63
680 1915.69
681 1998.42
682 2055.17
683 2021.07
684 2009.87
685 1986.50
686 1977.92
687 2026.32
688 1933.57
689 1999.14
690 1995.09
691 1990.80
692 2010.11
693 1557.11
694 2033.47
695 1992.46
696 2029.66
697 2083.78
698 2100.94
699 2061.37
700 2118.35
701 2096.65
702 2053.50
703 1931.67
704 2111.43
705 2128.36
706 2119.54
707 2122.40
708 2123.36
709 2139.57
710 2115.73
711 1535.18
712 1553.06
713 2133.85
714 2168.66
715 2214.91
716 1646.76
717 2198.46
718 2228.26
719 2220.63
720 2149.11
721 2186.54
722 2176.05
723 2249.48
724 2181.53
725 2132.42
726 2190.59
727 2160.55
728 2814.29
729 2160.55
730 2084.97
731 2104.28
732 2065.42
733 2063.99
734 2082.11
735 2045.63
736 2111.20
737 1891.14
738 1937.87
739 1959.56
740 1987.70
741 1953.60
742 1234.53
743 1942.16
744 1947.40
745 1956.70
746 1939.77
747 1393.56
748 1922.85
749 1941.68
750 1905.20
751 2048.73
752 1317.26
753 1261.47
754 1308.20
755 1306.77
756 1344.92
757 1296.52
758 1325.61
759 1351.83
760 1293.42
761 1245.74
762 1976.25
763 1874.69
764 1895.19
765 1840.35
766 1854.66
767 1844.64
768 1937.87
769 1881.12
770 1319.65
771 1279.35
772 1321.55
773 1181.36
774 1284.12
775 1927.14
776 2016.54
777 2012.73
778 1906.16
779 1909.97
780 1974.34
781 1993.89
782 1960.75
783 1969.81
784 1964.33
785 1835.35
786 1849.17
787 1867.53
788 1871.59
789 1396.89
790 1960.99
791 2177.72
792 2191.54
793 2246.14
794 1665.35
795 2154.83
796 2129.55
797 2114.77
798 2117.63
799 2099.04
800 2106.43
801 2098.80
802 2143.86
803 2199.41
804 1390.22
805 2119.54
806 2157.21
807 2116.68
808 1856.57
809 1859.90
810 1799.35
811 1859.19
812 1866.34
813 1803.16
814 1878.98
815 1860.62
816 1856.33
817 1847.98
818 1852.51
819 1849.17
820 1821.04
821 1887.80
822 1879.22
823 1861.81
824 1855.61
825 2077.10
826 2093.55
827 2114.77
828 1993.42
829 2107.38
830 2048.02
831 2063.75
832 2058.03
833 2131.70
834 2055.17
835 1948.60
836 1954.56
837 1916.17
838 1965.05
839 1852.75
840 1867.06
841 1790.76
842 1829.62
843 1866.34
844 1789.81
845 1793.38
846 1848.70
847 1811.03
848 1844.41
849 1850.13
850 1902.82
851 1809.84
852 1807.69
853 1804.35
854 1873.97
855 1848.70
856 1880.41
857 1799.58
858 1798.15
859 1817.23
860 1802.68
861 1859.90
862 1905.92
863 1858.23
864 1535.65
865 1978.87
866 1877.07
867 1936.91
868 1940.97
869 1940.97
870 1954.79
871 2108.57
872 2173.19
873 2169.37
874 1933.57
875 2000.57
876 2083.54
877 1923.56
878 1868.01
879 1965.76
880 1993.66
881 1885.89
882 1995.33
883 1944.07
884 1971.24
885 1884.94
886 1970.53
887 1881.12
888 1872.06
889 1952.89
890 1875.40
891 1877.55
892 1808.40
893 1456.26
894 1943.35
895 1909.26
896 1876.59
897 1885.41
898 1970.53
899 1903.53
900 1930.24
901 1947.16
902 1953.12
903 1939.54
904 1936.67
905 2049.21
906 1935.24
907 2008.68
908 1969.58
909 1957.18
910 2024.17
911 1996.76
912 2013.92
913 2057.55
914 1998.90
915 2035.38
916 1938.82
917 1908.54
918 1924.51
919 1907.35
920 1899.00
921 1892.81
922 1832.01
923 1929.28
924 1904.01
925 1905.44
926 1923.80
927 1977.44
928 2015.35
929 1970.77
930 1984.83
931 1960.52
932 1606.70
933 2042.53
934 2071.38
935 2106.67
936 2084.26
937 2179.62
938 2135.04
939 2069.47
940 2073.76
941 2037.53
942 2037.76
943 2026.80
944 2027.75
945 1937.39
946 2015.59
947 2023.94
948 2016.31
949 2044.44
950 2048.02
951 2067.57
952 1793.38
953 1829.15
954 1795.29
955 2043.25
956 2008.20
957 2020.60
958 2013.21
959 2004.62
960 2026.56
961 1993.66
962 2004.38
963 2007.72
964 2006.53
965 2032.52
966 2003.43
967 1985.79
968 2032.52
969 2012.97
970 1988.41
971 1800.78
972 2052.07
973 2113.10
974 2096.89
975 2025.13
976 2119.54
977 2084.97
978 2065.18
979 2081.16
980 2059.94
981 1682.52
982 2102.85
983 2079.01
984 2094.03
985 2168.89
986 2135.52
987 1399.28
988 1918.55
989 1913.55
990 1933.10
991 1921.89
992 1310.83
993 1807.69
994 1869.92
995 1860.14
996 1799.35
997 1850.37
998 1806.74
999 1821.52
