100
0 42123.32
1 9635.45
2 5019.66
3 13767.24
4 13726.47
5 13368.13
6 16286.61
7 14229.06
8 15547.51
9 17594.10
10 12537.72
11 13377.90
12 14300.82
13 13755.56
14 13607.74
15 14156.58
16 13868.09
17 14168.98
18 13965.37
19 13991.12
20 14218.33
21 13024.81
22 13014.08
23 13748.41
24 12578.01
25 14918.57
26 14213.09
27 13245.58
28 17033.82
29 13980.63
30 14147.52
31 14268.40
32 13684.75
33 14038.09
34 13960.12
35 14107.47
36 13885.97
37 13715.98
38 13758.42
39 13535.74
40 16810.89
41 14229.06
42 18770.22
43 13356.69
44 15590.43
45 14507.29
46 17024.52
47 14460.80
48 15705.59
49 14642.95
50 14471.53
51 16241.55
52 15210.39
53 12852.91
54 19801.62
55 14043.33
56 14638.90
57 14503.48
58 14295.82
59 14039.99
60 13006.93
61 13583.66
62 13341.67
63 13479.71
64 15856.50
65 14936.21
66 14239.79
67 14982.70
68 15903.00
69 14561.41
70 20966.05
71 17307.76
72 14027.60
73 13029.58
74 19937.04
75 15746.83
76 13007.64
77 14124.87
78 19686.46
79 14075.76
80 12955.90
81 14508.49
82 14128.45
83 13682.84
84 14092.68
85 14035.94
86 13843.54
87 13951.06
88 13475.42
89 13818.26
90 16406.06
91 13940.10
92 13404.61
93 14931.68
94 18024.44
95 16395.81
96 13022.42
97 17161.85
98 15208.48
99 14845.37
