1000
0 36279.44
1 9054.18
2 16214.61
3 12985.47
4 13148.31
5 12816.67
6 13437.03
7 8453.61
8 5678.42
9 5183.46
10 4145.15
11 6013.87
12 6499.29
13 13035.30
14 12855.53
15 13667.82
16 13947.49
17 12832.64
18 13602.02
19 13272.29
20 12555.60
21 13721.94
22 14073.37
23 12451.65
24 13393.88
25 18720.39
26 14972.21
27 13634.44
28 16169.07
29 17489.43
30 13419.15
31 14542.82
32 13321.16
33 13585.33
34 14373.54
35 14124.87
36 13703.11
37 13679.98
38 14012.81
39 14059.78
40 13665.68
41 13614.65
42 14110.09
43 13194.08
44 12980.70
45 14131.55
46 14098.88
47 14482.74
48 13637.30
49 13576.03
50 14077.19
51 14641.76
52 14198.78
53 13404.13
54 14418.36
55 16880.27
56 15249.01
57 15729.90
58 18247.13
59 14150.14
60 17633.44
61 13942.72
62 13799.91
63 15536.55
64 13543.37
65 13772.49
66 12890.34
67 13950.82
68 13938.67
69 14039.99
70 14091.25
71 18732.07
72 13468.27
73 14114.38
74 13388.87
75 16742.71
76 14193.77
77 13533.83
78 14087.92
79 12903.45
80 16236.07
81 15233.76
82 14945.27
83 13397.93
84 15834.81
85 15468.60
86 15194.89
87 17886.64
88 15246.39
89 13403.42
90 15590.67
91 17675.16
92 15188.69
93 16721.73
94 17187.83
95 15434.74
96 14316.08
97 18311.74
98 13277.05
99 14883.76
100 14194.49
101 15082.12
102 13526.44
103 15283.82
104 14775.51
105 13320.68
106 16724.59
107 18772.13
108 13562.44
109 15376.33
110 18993.85
111 14186.38
112 12669.09
113 13253.69
114 13814.69
115 14100.79
116 13999.22
117 14604.81
118 14770.75
119 14534.95
120 13568.64
121 13816.12
122 13713.36
123 14082.43
124 13648.27
125 13753.18
126 13715.03
127 14054.54
128 14166.36
129 14272.93
130 13834.71
131 14058.83
132 13947.01
133 14179.23
134 14484.64
135 14473.20
136 14514.68
137 14397.86
138 14528.51
139 14769.55
140 14934.78
141 14535.90
142 13966.08
143 14200.69
144 14344.45
145 14034.75
146 14259.82
147 14116.29
148 14251.47
149 14105.80
150 14340.40
151 14033.79
152 14256.95
153 14262.68
154 14279.37
155 14324.67
156 14640.09
157 13704.06
158 13256.79
159 13605.12
160 13829.95
161 13199.81
162 15707.73
163 14160.63
164 13958.69
165 13426.78
166 17043.35
167 15096.19
168 14377.12
169 13863.56
170 14225.72
171 13798.48
172 14075.04
173 9571.55
174 14218.09
175 14202.12
176 13712.64
177 14346.60
178 14232.40
179 14067.17
180 14118.43
181 14097.93
182 14057.87
183 13968.71
184 14192.58
185 14053.34
186 14226.91
187 13933.18
188 13741.02
189 13898.85
190 14044.76
191 14021.16
192 19527.20
193 14287.71
194 13168.10
195 18717.53
196 15420.20
197 12605.91
198 13609.41
199 14525.41
200 13015.27
201 15793.80
202 16345.74
203 13476.37
204 12777.33
205 13996.60
206 14182.81
207 13792.04
208 13855.70
209 13971.57
210 13847.83
211 13522.86
212 13893.60
213 14119.86
214 15093.09
215 13747.93
216 13906.72
217 13934.37
218 13833.76
219 14059.31
220 13772.49
221 14177.08
222 14210.70
223 23720.98
224 7701.87
225 14299.15
226 14324.19
227 14109.37
228 13846.16
229 7243.39
230 14580.25
231 14476.78
232 15150.55
233 11861.09
234 13670.92
235 14424.80
236 13269.90
237 14534.71
238 13936.04
239 13855.46
240 13863.09
241 14535.43
242 17759.08
243 7950.31
244 5454.54
245 13866.19
246 14110.57
247 13780.83
248 13655.90
249 14863.49
250 17086.51
251 13473.51
252 16959.91
253 12723.45
254 17868.76
255 14867.07
256 13070.58
257 13790.85
258 13989.21
259 13504.74
260 19752.98
261 19133.33
262 15137.43
263 15497.45
264 13501.88
265 15265.70
266 13578.41
267 15606.88
268 13448.24
269 14121.53
270 16106.37
271 14855.38
272 13461.59
273 13635.64
274 19789.93
275 16800.88
276 15939.00
277 13514.04
278 14995.57
279 13067.48
280 14227.63
281 13993.26
282 13818.26
283 14995.81
284 14217.14
285 15007.26
286 13975.62
287 13761.52
288 16742.94
289 13538.84
290 16617.77
291 15280.25
292 12941.84
293 16483.78
294 18287.90
295 14197.35
296 15558.24
297 13533.35
298 14104.13
299 14865.40
300 18759.25
301 15261.89
302 13167.62
303 17217.40
304 17621.76
305 13299.70
306 17170.67
307 19339.32
308 13723.13
309 15621.19
310 18148.66
311 14904.02
312 12651.68
313 14188.53
314 13470.17
315 13426.30
316 13324.02
317 13893.37
318 13872.39
319 13851.17
320 13812.78
321 14217.85
322 14292.96
323 14102.22
324 14174.94
325 13187.17
326 13562.92
327 17261.27
328 15415.43
329 15881.54
330 17597.20
331 13074.64
332 14918.33
333 18214.94
334 13773.20
335 14713.53
336 14339.45
337 16312.36
338 13744.35
339 16100.41
340 15624.28
341 13912.44
342 16703.37
343 17127.04
344 15040.64
345 15372.99
346 13879.06
347 15630.01
348 18347.02
349 13530.73
350 13291.84
351 13056.04
352 15480.52
353 17662.76
354 26624.44
355 14718.53
356 19253.73
357 13856.65
358 13395.07
359 17492.06
360 13256.79
361 12712.96
362 15016.56
363 15362.26
364 13168.33
365 14427.42
366 13773.20
367 17252.92
368 19792.56
369 16436.58
370 13957.98
371 12816.43
372 17040.25
373 13638.73
374 12654.54
375 13617.28
376 13765.57
377 14009.71
378 14496.80
379 15321.49
380 14338.25
381 15271.43
382 14249.56
383 14494.66
384 13704.06
385 13492.11
386 15715.84
387 13545.27
388 20195.01
389 17364.50
390 13173.10
391 18183.23
392 14222.38
393 15200.14
394 13469.22
395 13566.97
396 13715.51
397 13542.89
398 21794.80
399 13668.54
400 13911.25
401 13827.32
402 13459.92
403 14287.95
404 19998.07
405 13383.39
406 15002.73
407 12835.50
408 14811.52
409 13865.95
410 13973.00
411 13660.43
412 14200.21
413 13714.08
414 13821.36
415 13152.84
416 13908.15
417 13841.87
418 13481.62
419 15012.74
420 13044.36
421 19837.14
422 13962.03
423 5587.10
424 5053.28
425 4075.77
426 5106.45
427 11152.74
428 4261.26
429 4546.64
430 11322.02
431 5515.34
432 4678.73
433 12220.14
434 14157.53
435 12795.21
436 13280.63
437 13463.26
438 12980.46
439 13312.10
440 17796.52
441 10499.72
442 4168.75
443 6926.54
444 4274.85
445 4667.52
446 6672.86
447 13616.32
448 13649.23
449 13383.39
450 12676.48
451 13855.22
452 14109.37
453 14045.00
454 16790.87
455 13807.54
456 15327.93
457 15364.41
458 13000.01
459 13314.96
460 16260.62
461 13102.77
462 13488.29
463 13472.32
464 13844.97
465 13894.08
466 14007.57
467 13417.72
468 13872.86
469 14385.22
470 13773.20
471 14191.87
472 13532.40
473 13955.59
474 13927.22
475 13614.18
476 12872.22
477 14141.32
478 14097.45
479 9490.25
480 15479.33
481 13753.89
482 14073.13
483 14142.04
484 14075.52
485 13759.85
486 14342.07
487 13839.48
488 14322.04
489 14614.34
490 14101.51
491 14448.88
492 16455.65
493 13660.67
494 16400.10
495 13334.75
496 18252.13
497 15245.91
498 13816.83
499 13709.55
500 13838.53
501 14084.82
502 15216.59
503 13356.69
504 14048.58
505 13867.86
506 14253.14
507 13050.79
508 14597.18
509 16172.89
510 13455.63
511 14250.76
512 14490.13
513 14143.23
514 14174.22
515 13528.59
516 14993.67
517 14133.21
518 12503.62
519 14645.81
520 16977.07
521 12535.10
522 14236.45
523 17361.40
524 15252.83
525 19793.99
526 16377.21
527 13361.93
528 21758.32
529 19138.34
530 15598.06
531 13266.80
532 13219.59
533 14175.65
534 13673.78
535 14288.66
536 14095.78
537 13217.69
538 15185.36
539 15860.08
540 13735.53
541 13594.87
542 15217.78
543 17086.51
544 14239.31
545 14026.64
546 16929.39
547 14709.95
548 13833.76
549 13813.50
550 13813.26
551 13791.80
552 14139.18
553 13996.12
554 13758.90
555 13970.61
556 13691.90
557 13824.70
558 13743.88
559 13548.14
560 13855.70
561 13767.24
562 13731.72
563 16496.42
564 13059.85
565 19708.40
566 13202.43
567 13672.35
568 16291.62
569 13874.53
570 13845.21
571 13504.51
572 13896.47
573 13876.20
574 13832.57
575 13879.30
576 14159.44
577 13650.66
578 13632.77
579 13637.78
580 13853.07
581 13780.59
582 14494.66
583 14448.88
584 14448.64
585 14324.67
586 14397.38
587 14323.71
588 14164.21
589 13506.65
590 13603.93
591 18828.63
592 13378.62
593 13696.91
594 20670.65
595 14407.87
596 14168.26
597 15960.45
598 13773.44
599 15264.99
600 15386.82
601 14098.88
602 13850.21
603 13425.35
604 13719.32
605 14038.09
606 12645.96
607 14101.51
608 14085.29
609 14096.02
610 13457.54
611 13959.88
612 13573.65
613 12924.91
614 13848.78
615 15380.86
616 13453.01
617 13688.56
618 13965.37
619 13790.13
620 13935.33
621 13881.68
622 14054.54
623 13779.88
624 13632.77
625 13857.60
626 12696.03
627 13810.16
628 13988.26
629 13768.43
630 13781.31
631 13457.78
632 14004.23
633 13634.20
634 13638.97
635 13947.96
636 13503.79
637 14390.95
638 13494.01
639 13564.59
640 13778.69
641 12876.99
642 12855.29
643 13597.73
644 18787.38
645 14694.45
646 14093.40
647 16318.32
648 16494.04
649 13485.43
650 13752.70
651 12892.01
652 13173.82
653 15235.66
654 18691.30
655 12638.57
656 15338.66
657 13258.46
658 42192.70
659 12223.72
660 16109.23
661 13178.11
662 12953.28
663 13289.69
664 17495.87
665 13992.31
666 13719.80
667 13814.21
668 14341.12
669 14007.33
670 13953.45
671 13834.48
672 14844.18
673 14258.62
674 15896.56
675 14529.47
676 14942.41
677 15311.24
678 13401.75
679 15098.33
680 15176.30
681 13726.95
682 13257.98
683 18048.05
684 13754.84
685 13885.02
686 13656.62
687 14730.69
688 13490.92
689 13709.55
690 13585.81
691 13591.05
692 13652.80
693 17658.47
694 13136.15
695 13553.38
696 13756.99
697 13857.84
698 13651.85
699 13655.66
700 13633.97
701 13979.20
702 13985.87
703 14052.87
704 13343.81
705 13664.72
706 13073.44
707 14553.79
708 12441.16
709 13932.47
710 13329.74
711 4630.57
712 16664.74
713 7587.43
714 3970.86
715 4234.08
716 4195.93
717 4211.19
718 4405.50
719 5912.07
720 4347.32
721 4909.99
722 4248.14
723 7851.84
724 12768.51
725 13627.05
726 12782.81
727 12715.10
728 13185.02
729 15922.07
730 13683.08
731 5972.39
732 4410.74
733 5342.96
734 5139.59
735 5083.08
736 5342.25
737 12882.47
738 15684.37
739 14337.30
740 12920.62
741 14716.15
742 13448.24
743 13799.43
744 13506.17
745 12716.53
746 13305.19
747 13543.84
748 127847.91
749 4116.77
750 11193.28
751 14978.41
752 17495.16
753 14786.96
754 16167.16
755 18590.21
756 13062.48
757 17816.31
758 18350.12
759 16451.84
760 13900.28
761 15193.46
762 13754.13
763 14071.46
764 13763.19
765 17479.66
766 14525.89
767 13958.45
768 18853.66
769 15205.38
770 16033.89
771 13410.57
772 17020.46
773 13440.13
774 13347.39
775 13250.83
776 13493.54
777 16953.71
778 19350.77
779 12876.27
780 14668.70
781 16315.94
782 14647.48
783 13789.89
784 12745.38
785 14855.86
786 13132.10
787 13434.65
788 13831.85
789 14471.77
790 14370.92
791 13306.62
792 13693.81
793 13593.67
794 12962.82
795 13911.01
796 13706.68
797 12686.49
798 13893.13
799 14716.39
800 15323.16
801 13819.69
802 13827.56
803 14951.47
804 17493.72
805 14168.26
806 13825.65
807 14218.57
808 13776.30
809 13365.03
810 16732.93
811 17123.46
812 12798.79
813 13745.31
814 13773.44
815 13692.14
816 13717.41
817 13518.81
818 13798.95
819 13063.67
820 13926.98
821 13717.65
822 13563.87
823 13090.13
824 13750.31
825 13676.17
826 13758.18
827 13818.03
828 13674.02
829 13484.48
830 11477.71
831 13787.98
832 13567.45
833 13821.13
834 13935.57
835 12895.35
836 16139.51
837 15915.16
838 12841.22
839 19285.44
840 15294.31
841 13565.06
842 12408.49
843 15209.44
844 15420.91
845 13777.02
846 21603.82
847 14966.01
848 13221.03
849 14017.34
850 13887.17
851 13952.97
852 13963.22
853 13123.51
854 13571.98
855 12740.14
856 13170.72
857 13363.36
858 12894.15
859 15938.76
860 13968.94
861 13908.15
862 13791.56
863 15429.02
864 16775.37
865 13104.68
866 13850.45
867 14055.97
868 12868.17
869 13466.12
870 14010.43
871 13855.22
872 13723.13
873 13783.22
874 13634.44
875 12580.16
876 9320.74
877 13809.44
878 13733.63
879 13148.78
880 13231.28
881 13238.67
882 15198.23
883 17873.29
884 15311.48
885 20378.59
886 15916.11
887 13329.03
888 15112.64
889 15228.51
890 14690.64
891 13444.42
892 14750.72
893 17206.67
894 15334.37
895 14973.40
896 15403.03
897 15258.55
898 19496.44
899 15152.93
900 14326.10
901 13208.39
902 13676.88
903 13819.46
904 13891.70
905 13895.27
906 15209.67
907 13614.42
908 13792.04
909 13822.32
910 13377.19
911 17288.45
912 17455.34
913 13638.50
914 13328.08
915 17883.06
916 15930.41
917 14495.61
918 13903.62
919 14981.99
920 14486.07
921 13775.83
922 13670.92
923 13840.20
924 13713.12
925 13945.34
926 13796.09
927 13687.85
928 13830.66
929 13685.46
930 13829.47
931 13805.15
932 13833.05
933 15835.52
934 14331.82
935 14642.95
936 15229.70
937 14668.23
938 13878.35
939 13869.05
940 13902.43
941 13740.06
942 13840.68
943 14547.35
944 13566.97
945 19110.68
946 14135.36
947 13575.32
948 17409.09
949 13485.43
950 14101.98
951 14744.04
952 15146.97
953 12930.15
954 46772.72
955 5352.74
956 13934.14
957 13529.54
958 13489.48
959 13697.15
960 13778.92
961 13746.74
962 13700.01
963 13664.25
964 13749.36
965 13494.25
966 13777.97
967 13737.68
968 13679.03
969 14041.19
970 13785.60
971 13681.41
972 14027.83
973 13746.74
974 13851.64
975 13701.44
976 13587.24
977 13667.35
978 13595.10
979 13573.65
980 12726.07
981 13959.88
982 13657.33
983 13653.76
984 13625.62
985 13685.23
986 13551.71
987 13925.55
988 13875.48
989 13861.89
990 13554.81
991 14202.83
992 12909.41
993 13270.85
994 13803.72
995 13640.64
996 13634.44
997 13764.14
998 13781.07
999 13667.58
